timestamp,time,open,high,low,close,volume
1695880800000,1695880800000,0.4679,0.47555,0.4659,0.4694,4933873.0
1695902400000,1695902400000,0.4694,0.4863,0.4688,0.4818,10595263.2
1695924000000,1695924000000,0.4818,0.48475,0.47695,0.48415,4302073.2
1695945600000,1695945600000,0.48415,0.4852,0.4748,0.47805,3081067.5
1695967200000,1695967200000,0.47805,0.48345,0.4755,0.47615,2711058.2
1695988800000,1695988800000,0.47615,0.4792,0.4677,0.47475,4686988.6
1696010400000,1696010400000,0.47475,0.47895,0.47245,0.4769,1800484.5
1696032000000,1696032000000,0.4769,0.4797,0.47255,0.47725,2532453.4
1696053600000,1696053600000,0.47725,0.47785,0.4732,0.4739,2084767.0
1696075200000,1696075200000,0.4739,0.4792,0.4736,0.4778,2012910.5
1696096800000,1696096800000,0.4778,0.48195,0.47625,0.48,1558134.7
1696118400000,1696118400000,0.48,0.48885,0.4765,0.48805,2405995.1
1696140000000,1696140000000,0.48805,0.5177,0.48795,0.50885,10030565.9
1696161600000,1696161600000,0.50885,0.50955,0.49395,0.495,6632294.2
1696183200000,1696183200000,0.495,0.5199,0.4946,0.51245,6186709.4
1696204800000,1696204800000,0.51245,0.5175,0.5059,0.5092,5819394.5
1696226400000,1696226400000,0.5092,0.5429,0.5082,0.52755,16519267.9
1696248000000,1696248000000,0.52755,0.5321,0.51555,0.52615,9526594.0
1696269600000,1696269600000,0.52615,0.52785,0.4726,0.51495,10879133.5
1696291200000,1696291200000,0.51495,0.52885,0.51155,0.51245,10704747.0
1696312800000,1696312800000,0.51245,0.51905,0.50185,0.50475,5234360.2
1696334400000,1696334400000,0.50475,0.50805,0.49495,0.50285,5584783.9
1696356000000,1696356000000,0.50285,0.5041,0.4879,0.4887,4242353.7
1696377600000,1696377600000,0.4887,0.49,0.4703,0.48385,7094379.5
1696399200000,1696399200000,0.48385,0.4926,0.4805,0.48755,3465684.4
1696420800000,1696420800000,0.48755,0.4902,0.48135,0.486,2422658.0
1696442400000,1696442400000,0.486,0.49875,0.4834,0.4957,3461215.6
1696464000000,1696464000000,0.4957,0.49665,0.48645,0.4889,2135624.6
1696485600000,1696485600000,0.4889,0.5022,0.48615,0.49885,3288061.6
1696507200000,1696507200000,0.49885,0.5115,0.4911,0.49535,14279623.1
1696528800000,1696528800000,0.49535,0.5026,0.4916,0.4943,2830616.4
1696550400000,1696550400000,0.4943,0.5001,0.49,0.49225,2296642.6
1696572000000,1696572000000,0.49225,0.49715,0.4897,0.4921,3082431.3
1696593600000,1696593600000,0.4921,0.5241,0.4855,0.5179,13707113.2
1696615200000,1696615200000,0.5179,0.5197,0.5092,0.517,4602968.4
1696636800000,1696636800000,0.517,0.527,0.50775,0.5122,4309162.5
1696658400000,1696658400000,0.5122,0.52185,0.50815,0.514,3423846.4
1696680000000,1696680000000,0.514,0.52565,0.51315,0.5212,5862516.1
1696701600000,1696701600000,0.5212,0.5222,0.51265,0.51745,3351124.9
1696723200000,1696723200000,0.51745,0.5248,0.51065,0.514,4261525.0
1696744800000,1696744800000,0.514,0.51685,0.50525,0.50795,2985922.7
1696766400000,1696766400000,0.50795,0.51255,0.50435,0.51005,2773095.3
1696788000000,1696788000000,0.51005,0.5117,0.5019,0.50385,2133953.1
1696809600000,1696809600000,0.50385,0.515,0.49835,0.5093,5161424.6
1696831200000,1696831200000,0.5093,0.51075,0.4787,0.4833,9544760.0
1696852800000,1696852800000,0.4833,0.4923,0.47465,0.4888,8154059.1
1696874400000,1696874400000,0.4888,0.492,0.48625,0.48845,2342908.5
1696896000000,1696896000000,0.48845,0.4984,0.484,0.49745,3210288.7
1696917600000,1696917600000,0.49745,0.5088,0.4971,0.49895,7643048.0
1696939200000,1696939200000,0.49895,0.50575,0.49205,0.4946,6061161.4
1696960800000,1696960800000,0.4946,0.502,0.48915,0.49885,3095316.3
1696982400000,1696982400000,0.49885,0.5011,0.48295,0.49115,5596025.3
1697004000000,1697004000000,0.49115,0.49645,0.48325,0.48785,3652836.4
1697025600000,1697025600000,0.48785,0.48965,0.47625,0.47925,6359377.0
1697047200000,1697047200000,0.47925,0.4958,0.4775,0.49435,2989402.3
1697068800000,1697068800000,0.49435,0.497,0.4852,0.4904,2574935.3
1697090400000,1697090400000,0.4904,0.4956,0.4773,0.4846,3957170.3
1697112000000,1697112000000,0.4846,0.4904,0.4795,0.485,4305586.2
1697133600000,1697133600000,0.485,0.48865,0.482,0.4866,1398744.4
1697155200000,1697155200000,0.4866,0.4899,0.48025,0.4826,3324835.8
1697176800000,1697176800000,0.4826,0.48915,0.48205,0.48895,2150137.9
1697198400000,1697198400000,0.48895,0.493,0.486,0.4896,3162123.5
1697220000000,1697220000000,0.4896,0.5123,0.48735,0.49955,8298004.8
1697241600000,1697241600000,0.49955,0.5138,0.4992,0.5079,6714945.1
1697263200000,1697263200000,0.5079,0.50915,0.50135,0.5037,3639228.1
1697284800000,1697284800000,0.5037,0.5076,0.50065,0.50715,1962023.1
1697306400000,1697306400000,0.50715,0.50795,0.5003,0.50115,2143408.1
1697328000000,1697328000000,0.50115,0.5055,0.4965,0.502,3456919.7
1697349600000,1697349600000,0.502,0.5157,0.501,0.5081,5006308.7
1697371200000,1697371200000,0.5081,0.50865,0.50015,0.5067,4041446.4
1697392800000,1697392800000,0.5067,0.5158,0.5043,0.51135,5024551.0
1697414400000,1697414400000,0.51135,0.5505,0.50805,0.53885,14815542.3
1697436000000,1697436000000,0.53885,0.5428,0.52555,0.5302,11008273.6
1697457600000,1697457600000,0.5302,0.5958,0.52665,0.5382,48115177.8
1697479200000,1697479200000,0.5382,0.5504,0.536,0.54115,9057089.5
1697500800000,1697500800000,0.54115,0.5433,0.53005,0.53245,7055903.2
1697522400000,1697522400000,0.53245,0.54965,0.5297,0.54075,11049018.0
1697544000000,1697544000000,0.54075,0.54375,0.5205,0.54015,13451858.8
1697565600000,1697565600000,0.54015,0.55475,0.539,0.55195,8351005.8
1697587200000,1697587200000,0.55195,0.5572,0.53315,0.5491,13788189.0
1697608800000,1697608800000,0.5491,0.5602,0.5427,0.55375,11786427.0
1697630400000,1697630400000,0.55375,0.5714,0.54885,0.55455,19904392.7
1697652000000,1697652000000,0.55455,0.5604,0.53755,0.5391,6899279.3
1697673600000,1697673600000,0.5391,0.5442,0.52835,0.54,8835393.6
1697695200000,1697695200000,0.54,0.55135,0.53785,0.55055,8011413.5
1697716800000,1697716800000,0.55055,0.5646,0.54735,0.55705,12513139.8
1697738400000,1697738400000,0.55705,0.57695,0.5566,0.5687,9252659.2
1697760000000,1697760000000,0.5687,0.67475,0.5594,0.6669,51471566.4
1697781600000,1697781600000,0.6669,0.6781,0.6368,0.64425,55272193.6
1697803200000,1697803200000,0.64425,0.6542,0.60595,0.61405,34141788.1
1697824800000,1697824800000,0.61405,0.6363,0.6092,0.62875,11499287.5
1697846400000,1697846400000,0.62875,0.64275,0.6125,0.62825,19047696.9
1697868000000,1697868000000,0.62825,0.6532,0.628,0.64895,12923891.0
1697889600000,1697889600000,0.64895,0.65135,0.61545,0.63245,18991535.3
1697911200000,1697911200000,0.63245,0.63775,0.61495,0.6192,10677872.1
1697932800000,1697932800000,0.6192,0.6397,0.61605,0.63905,10347756.9
1697954400000,1697954400000,0.63905,0.64765,0.6129,0.61685,13897117.7
1697976000000,1697976000000,0.61685,0.6252,0.6083,0.61085,9776174.1
1697997600000,1697997600000,0.61085,0.63115,0.60795,0.6308,5790517.2
1698019200000,1698019200000,0.6308,0.6583,0.62195,0.65005,20866668.6
1698040800000,1698040800000,0.65005,0.66735,0.6359,0.6573,21216313.6
1698062400000,1698062400000,0.6573,0.6758,0.6377,0.6628,24196656.4
1698084000000,1698084000000,0.6628,0.75135,0.66,0.73765,45157632.8
1698105600000,1698105600000,0.73765,0.74965,0.696,0.6997,35230156.5
1698127200000,1698127200000,0.6997,0.7281,0.6805,0.71475,18188980.0
1698148800000,1698148800000,0.71475,0.7185,0.6563,0.66785,36510439.3
1698170400000,1698170400000,0.66785,0.6904,0.6566,0.6807,10818735.9
1698192000000,1698192000000,0.6807,0.70285,0.67235,0.68575,11065835.4
1698213600000,1698213600000,0.68575,0.69705,0.65885,0.6853,11577977.3
1698235200000,1698235200000,0.6853,0.70955,0.66715,0.68065,21216431.6
1698256800000,1698256800000,0.68065,0.6863,0.6685,0.67965,7045570.9
1698278400000,1698278400000,0.67965,0.69265,0.6715,0.67405,6861786.9
1698300000000,1698300000000,0.67405,0.6885,0.65665,0.664,9975782.9
1698321600000,1698321600000,0.664,0.6707,0.6212,0.6381,11802845.8
1698343200000,1698343200000,0.6381,0.651,0.6369,0.6454,3255402.5
1698364800000,1698364800000,0.6454,0.65155,0.6265,0.63675,6363884.8
1698386400000,1698386400000,0.63675,0.6508,0.63225,0.6381,3304836.3
1698408000000,1698408000000,0.6381,0.647,0.62205,0.6358,6769167.0
1698429600000,1698429600000,0.6358,0.64475,0.62665,0.6359,3529044.5
1698451200000,1698451200000,0.6359,0.6564,0.6359,0.65325,3304367.0
1698472800000,1698472800000,0.65325,0.665,0.6513,0.6565,3746576.6
1698494400000,1698494400000,0.6565,0.66165,0.64495,0.65745,3651463.7
1698516000000,1698516000000,0.65745,0.66165,0.65325,0.65605,1326124.1
1698537600000,1698537600000,0.65605,0.65705,0.64055,0.6475,2263904.4
1698559200000,1698559200000,0.6475,0.6821,0.6371,0.6476,12173633.8
1698580800000,1698580800000,0.6476,0.6542,0.61935,0.6329,13325982.9
1698602400000,1698602400000,0.6329,0.643,0.63155,0.63685,3448075.9
1698624000000,1698624000000,0.63685,0.63835,0.62815,0.63015,3422071.6
1698645600000,1698645600000,0.63015,0.64155,0.6245,0.63805,7602907.8
1698667200000,1698667200000,0.63805,0.64455,0.61555,0.6283,8635411.4
1698688800000,1698688800000,0.6283,0.63535,0.62735,0.6325,2347229.9
1698710400000,1698710400000,0.6325,0.64075,0.6252,0.63025,3507854.5
1698732000000,1698732000000,0.63025,0.6398,0.6157,0.63665,11351564.8
1698753600000,1698753600000,0.63665,0.6398,0.58705,0.61715,18284354.9
1698775200000,1698775200000,0.61715,0.6286,0.61465,0.62595,3108787.0
1698796800000,1698796800000,0.62595,0.62675,0.60305,0.604,4275420.7
1698818400000,1698818400000,0.604,0.62275,0.6007,0.621,5235034.7
1698840000000,1698840000000,0.621,0.6415,0.60465,0.61375,14640425.0
1698861600000,1698861600000,0.61375,0.6595,0.6121,0.6483,18488578.4
1698883200000,1698883200000,0.6483,0.66045,0.6324,0.6376,11486607.2
1698904800000,1698904800000,0.6376,0.6517,0.63,0.6495,6352392.7
1698926400000,1698926400000,0.6495,0.6501,0.6055,0.6262,16213327.3
1698948000000,1698948000000,0.6262,0.6317,0.618,0.62635,5214855.0
1698969600000,1698969600000,0.62635,0.62675,0.6019,0.6145,7328309.0
1698991200000,1698991200000,0.6145,0.6172,0.5982,0.6074,5286250.9
1699012800000,1699012800000,0.6074,0.656,0.6044,0.6281,14956695.7
1699034400000,1699034400000,0.6281,0.643,0.6259,0.6404,5082910.0
1699056000000,1699056000000,0.6404,0.6582,0.63775,0.6445,7645683.0
1699077600000,1699077600000,0.6445,0.6524,0.6396,0.64195,5548918.1
1699099200000,1699099200000,0.64195,0.64775,0.6283,0.63845,4815998.5
1699120800000,1699120800000,0.63845,0.6557,0.6365,0.65095,3060107.3
1699142400000,1699142400000,0.65095,0.65385,0.64155,0.65365,5230697.1
1699164000000,1699164000000,0.65365,0.6609,0.64525,0.6548,5227041.7
1699185600000,1699185600000,0.6548,0.66985,0.62895,0.64825,12579866.7
1699207200000,1699207200000,0.64825,0.6511,0.6324,0.64675,4421076.0
1699228800000,1699228800000,0.64675,0.6792,0.6424,0.66025,9696445.3
1699250400000,1699250400000,0.66025,0.6818,0.657,0.6806,6139955.1
1699272000000,1699272000000,0.6806,0.68345,0.66745,0.6744,5477946.7
1699293600000,1699293600000,0.6744,0.68065,0.6684,0.67615,2809072.2
1699315200000,1699315200000,0.67615,0.67625,0.6463,0.65475,6288986.2
1699336800000,1699336800000,0.65475,0.69215,0.6474,0.65575,19370164.7
1699358400000,1699358400000,0.65575,0.6616,0.63805,0.65965,9715911.1
1699380000000,1699380000000,0.65965,0.6873,0.6588,0.67195,12117867.1
1699401600000,1699401600000,0.67195,0.67735,0.6616,0.66275,3746494.8
1699423200000,1699423200000,0.66275,0.6838,0.65925,0.677,6035565.3
1699444800000,1699444800000,0.677,0.69685,0.67255,0.6964,8153980.2
1699466400000,1699466400000,0.6964,0.72695,0.6956,0.7026,11103424.4
1699488000000,1699488000000,0.7026,0.7351,0.7024,0.7192,9617696.5
1699509600000,1699509600000,0.7192,0.7259,0.7011,0.7083,8140750.3
1699531200000,1699531200000,0.7083,0.74265,0.5552,0.67895,40345312.8
1699552800000,1699552800000,0.67895,0.68285,0.6464,0.67945,12318817.1
1699574400000,1699574400000,0.67945,0.70105,0.6755,0.69025,9004120.0
1699596000000,1699596000000,0.69025,0.69085,0.66195,0.68965,8000477.4
1699617600000,1699617600000,0.68965,0.69005,0.6532,0.6841,7243075.5
1699639200000,1699639200000,0.6841,0.6983,0.682,0.6902,4398555.1
1699660800000,1699660800000,0.6902,0.69525,0.65645,0.6727,6099211.6
1699682400000,1699682400000,0.6727,0.6824,0.66655,0.67615,2979508.7
1699704000000,1699704000000,0.67615,0.69075,0.67225,0.68165,4625496.3
1699725600000,1699725600000,0.68165,0.6897,0.66115,0.6703,2976869.9
1699747200000,1699747200000,0.6703,0.67295,0.6416,0.6665,4259070.8
1699768800000,1699768800000,0.6665,0.6773,0.6643,0.67055,2321328.2
1699790400000,1699790400000,0.67055,0.6759,0.65585,0.66525,4363739.6
1699812000000,1699812000000,0.66525,0.6808,0.66025,0.67595,2092870.4
1699833600000,1699833600000,0.67595,0.68545,0.6525,0.6628,4947330.0
1699855200000,1699855200000,0.6628,0.6719,0.65355,0.6582,3127055.4
1699876800000,1699876800000,0.6582,0.66935,0.64205,0.64825,7374679.2
1699898400000,1699898400000,0.64825,0.6606,0.62705,0.63905,5483872.2
1699920000000,1699920000000,0.63905,0.6466,0.6228,0.64645,5423536.0
1699941600000,1699941600000,0.64645,0.65095,0.6203,0.62525,4773353.4
1699963200000,1699963200000,0.62525,0.64885,0.62375,0.63165,6085929.7
1699984800000,1699984800000,0.63165,0.63325,0.5953,0.6203,8596267.4
1700006400000,1700006400000,0.6203,0.6272,0.61455,0.6272,4451844.0
1700028000000,1700028000000,0.6272,0.6424,0.6245,0.64135,4629449.9
1700049600000,1700049600000,0.64135,0.6431,0.6309,0.6387,3408265.5
1700071200000,1700071200000,0.6387,0.65915,0.63545,0.6544,10186304.9
1700092800000,1700092800000,0.6544,0.67955,0.6531,0.6706,9558121.5
1700114400000,1700114400000,0.6706,0.678,0.6571,0.6708,7378277.8
1700136000000,1700136000000,0.6708,0.6747,0.6414,0.67105,13705068.4
1700157600000,1700157600000,0.67105,0.67875,0.6371,0.6474,8500132.5
1700179200000,1700179200000,0.6474,0.6818,0.6467,0.6741,5835975.1
1700200800000,1700200800000,0.6741,0.67905,0.6473,0.6551,6038099.2
1700222400000,1700222400000,0.6551,0.6579,0.60815,0.6263,10929830.6
1700244000000,1700244000000,0.6263,0.63705,0.6176,0.63525,5978391.1
1700265600000,1700265600000,0.63525,0.6353,0.61215,0.61215,4529577.0
1700287200000,1700287200000,0.61215,0.6301,0.59945,0.61905,6254792.1
1700308800000,1700308800000,0.61905,0.6343,0.6083,0.6308,5322911.0
1700330400000,1700330400000,0.6308,0.63515,0.62865,0.634,2930156.7
1700352000000,1700352000000,0.634,0.63465,0.6171,0.6332,2575968.2
1700373600000,1700373600000,0.6332,0.6426,0.62625,0.63105,3122057.1
1700395200000,1700395200000,0.63105,0.6348,0.6269,0.63225,2321757.8
1700416800000,1700416800000,0.63225,0.65075,0.6319,0.6486,2269568.0
1700438400000,1700438400000,0.6486,0.65175,0.6392,0.6413,2548659.3
1700460000000,1700460000000,0.6413,0.6684,0.6401,0.6617,3417554.2
1700481600000,1700481600000,0.6617,0.67045,0.64225,0.6605,8308045.0
1700503200000,1700503200000,0.6605,0.66145,0.62985,0.6393,4483950.8
1700524800000,1700524800000,0.6393,0.64425,0.6257,0.63105,4460852.8
1700546400000,1700546400000,0.63105,0.64115,0.62525,0.627,3824644.9
1700568000000,1700568000000,0.627,0.63085,0.5983,0.6155,16792434.8
1700589600000,1700589600000,0.6155,0.6208,0.57785,0.5844,11354455.7
1700611200000,1700611200000,0.5844,0.61295,0.5823,0.6105,4622808.0
1700632800000,1700632800000,0.6105,0.6184,0.6067,0.60725,4274976.5
1700654400000,1700654400000,0.60725,0.61445,0.60115,0.61065,4827777.9
1700676000000,1700676000000,0.61065,0.6397,0.6092,0.62705,6539305.2
1700697600000,1700697600000,0.62705,0.63565,0.6252,0.6298,3364990.2
1700719200000,1700719200000,0.6298,0.63775,0.62205,0.62775,3460749.1
1700740800000,1700740800000,0.62775,0.6328,0.6189,0.6296,3954823.1
1700762400000,1700762400000,0.6296,0.6355,0.6265,0.63035,2217395.6
1700784000000,1700784000000,0.63035,0.6376,0.62805,0.6348,3242183.0
1700805600000,1700805600000,0.6348,0.6467,0.6293,0.64165,4096800.8
1700827200000,1700827200000,0.64165,0.6868,0.6356,0.65185,12430154.0
1700848800000,1700848800000,0.65185,0.65185,0.6393,0.6462,3935464.8
1700870400000,1700870400000,0.6462,0.662,0.6409,0.65395,3773078.9
1700892000000,1700892000000,0.65395,0.6579,0.6405,0.64525,2361370.9
1700913600000,1700913600000,0.64525,0.65165,0.64465,0.65,1802493.7
1700935200000,1700935200000,0.65,0.661,0.6489,0.65815,3622974.2
1700956800000,1700956800000,0.65815,0.68355,0.6581,0.67685,8724140.8
1700978400000,1700978400000,0.67685,0.68295,0.66585,0.66665,5269677.1
1701000000000,1701000000000,0.66665,0.69405,0.65365,0.68175,17269960.5
1701021600000,1701021600000,0.68175,0.71165,0.67155,0.69225,16390101.6
1701043200000,1701043200000,0.69225,0.70485,0.67255,0.67295,13517801.6
1701064800000,1701064800000,0.67295,0.68195,0.65345,0.6589,12606196.5
1701086400000,1701086400000,0.6589,0.664,0.64665,0.65045,7234039.4
1701108000000,1701108000000,0.65045,0.65905,0.64065,0.6535,5040275.8
1701129600000,1701129600000,0.6535,0.65535,0.6277,0.6295,5598290.7
1701151200000,1701151200000,0.6295,0.64335,0.6271,0.64255,3788023.0
1701172800000,1701172800000,0.64255,0.723,0.6355,0.71665,16839387.2
1701194400000,1701194400000,0.71665,0.72765,0.69415,0.72445,27642121.6
1701216000000,1701216000000,0.72445,0.7652,0.7144,0.7576,29589202.9
1701237600000,1701237600000,0.7576,0.8047,0.75455,0.78345,35884766.4
1701259200000,1701259200000,0.78345,0.7966,0.74095,0.74995,25680856.6
1701280800000,1701280800000,0.74995,0.75485,0.7193,0.72295,11371411.4
1701302400000,1701302400000,0.72295,0.7267,0.70415,0.71185,16593813.9
1701324000000,1701324000000,0.71185,0.7165,0.69305,0.7094,11245586.3
1701345600000,1701345600000,0.7094,0.71005,0.6778,0.6903,12189931.7
1701367200000,1701367200000,0.6903,0.69505,0.6857,0.6922,4346097.6
1701388800000,1701388800000,0.6922,0.71015,0.68245,0.70105,9614519.9
1701410400000,1701410400000,0.70105,0.73085,0.69705,0.70585,11670824.7
1701432000000,1701432000000,0.70585,0.76485,0.69455,0.74595,31434701.7
1701453600000,1701453600000,0.74595,0.78485,0.74525,0.7646,20414244.3
1701475200000,1701475200000,0.7646,0.8176,0.7586,0.78775,23229516.0
1701496800000,1701496800000,0.78775,0.79725,0.7582,0.7637,12182185.9
1701518400000,1701518400000,0.7637,0.7723,0.7572,0.76805,12520357.6
1701540000000,1701540000000,0.76805,0.7873,0.7628,0.78135,12820597.3
1701561600000,1701561600000,0.78135,0.85795,0.77725,0.84105,32284854.6
1701583200000,1701583200000,0.84105,0.84845,0.8218,0.8253,10310619.9
1701604800000,1701604800000,0.8253,0.8328,0.80135,0.8122,14019469.0
1701626400000,1701626400000,0.8122,0.8412,0.8108,0.8297,10836762.1
1701648000000,1701648000000,0.8297,0.88305,0.82875,0.85745,27353994.6
1701669600000,1701669600000,0.85745,0.88875,0.7561,0.87885,35015978.5
1701691200000,1701691200000,0.87885,1.12485,0.87825,1.0353,119513775.1
1701712800000,1701712800000,1.0353,1.1922,1.03515,1.18345,53087486.0
1701734400000,1701734400000,1.18345,1.24815,1.1259,1.2127,59148155.0
1701756000000,1701756000000,1.2127,1.21985,1.09095,1.16905,45811595.5
1701777600000,1701777600000,1.16905,1.2541,1.11,1.1698,55500272.1
1701799200000,1701799200000,1.1698,1.1976,1.1309,1.1842,24835408.6
1701820800000,1701820800000,1.1842,1.1852,1.0874,1.10205,28896922.0
1701842400000,1701842400000,1.10205,1.10515,1.0168,1.0339,27602985.9
1701864000000,1701864000000,1.0339,1.0687,1.01155,1.0574,21370755.0
1701885600000,1701885600000,1.0574,1.07885,1.0303,1.0354,13187586.3
1701907200000,1701907200000,1.0354,1.07595,1.01,1.0361,13587384.6
1701928800000,1701928800000,1.0361,1.0385,0.963,0.9983,18857504.2
1701950400000,1701950400000,0.9983,1.0314,0.982,1.00115,15028516.1
1701972000000,1701972000000,1.00115,1.00115,0.9738,0.99685,7694967.6
1701993600000,1701993600000,0.99685,1.001,0.96825,0.99825,7597735.1
1702015200000,1702015200000,0.99825,1.03105,0.971,1.00975,14249869.9
1702036800000,1702036800000,1.00975,1.0438,0.9972,1.0216,14432969.1
1702058400000,1702058400000,1.0216,1.0688,1.01345,1.04025,10178767.2
1702080000000,1702080000000,1.04025,1.0477,1.00405,1.0124,6679891.6
1702101600000,1702101600000,1.0124,1.0281,0.9773,1.00065,11122821.4
1702123200000,1702123200000,1.00065,1.01255,0.9865,0.9908,5391353.4
1702144800000,1702144800000,0.9908,1.0086,0.9732,0.992,6151126.2
1702166400000,1702166400000,0.992,1.02305,0.9791,1.0062,5739536.2
1702188000000,1702188000000,1.0062,1.0076,0.9555,0.98055,6743774.4
1702209600000,1702209600000,0.98055,1.00175,0.9702,0.9731,4672288.2
1702231200000,1702231200000,0.9731,1.0042,0.9731,0.99275,4130027.4
1702252800000,1702252800000,0.99275,0.9976,0.7897,0.91775,23597935.9
1702274400000,1702274400000,0.91775,0.91895,0.8935,0.9177,7704545.2
1702296000000,1702296000000,0.9177,0.91975,0.89055,0.8976,11124147.7
1702317600000,1702317600000,0.8976,0.9135,0.87385,0.91015,7866574.8
1702339200000,1702339200000,0.91015,0.9421,0.90685,0.9286,5504925.0
1702360800000,1702360800000,0.9286,0.9993,0.9212,0.9686,20824855.3
1702382400000,1702382400000,0.9686,0.9918,0.903,0.90925,19811067.1
1702404000000,1702404000000,0.90925,0.9401,0.90455,0.9304,7039875.3
1702425600000,1702425600000,0.9304,0.93185,0.87505,0.89745,9910167.7
1702447200000,1702447200000,0.89745,0.90535,0.87405,0.8948,5097729.2
1702468800000,1702468800000,0.8948,0.97925,0.89435,0.9486,11103669.8
1702490400000,1702490400000,0.9486,1.037,0.946,1.00495,11992345.1
1702512000000,1702512000000,1.00495,1.0879,0.99545,1.08665,19673129.5
1702533600000,1702533600000,1.08665,1.13455,1.06675,1.10775,19485191.7
1702555200000,1702555200000,1.10775,1.13055,1.0336,1.08575,25416711.3
1702576800000,1702576800000,1.08575,1.09815,1.07005,1.08015,5596228.8
1702598400000,1702598400000,1.08015,1.0809,1.0225,1.02585,8578605.3
1702620000000,1702620000000,1.02585,1.05055,1.0136,1.01945,6447306.0
1702641600000,1702641600000,1.01945,1.0375,0.984,0.98565,10406369.2
1702663200000,1702663200000,0.98565,1.0058,0.97545,0.9821,4771989.7
1702684800000,1702684800000,0.9821,1.05815,0.965,1.0526,10663900.1
1702706400000,1702706400000,1.0526,1.06245,1.0339,1.04725,4969907.1
1702728000000,1702728000000,1.04725,1.06155,1.01675,1.04455,7499782.2
1702749600000,1702749600000,1.04455,1.04615,1.0006,1.0092,7369501.0
1702771200000,1702771200000,1.0092,1.0472,1.00445,1.01415,6195694.5
1702792800000,1702792800000,1.01415,1.0723,1.01145,1.04495,7219808.5
1702814400000,1702814400000,1.04495,1.0495,1.0022,1.0311,6732384.8
1702836000000,1702836000000,1.0311,1.073,1.0199,1.05745,6620696.3
1702857600000,1702857600000,1.05745,1.1389,1.0478,1.1177,34281905.9
1702879200000,1702879200000,1.1177,1.1839,1.0534,1.10665,33837462.6
1702900800000,1702900800000,1.10665,1.17795,1.0838,1.17125,24499515.2
1702922400000,1702922400000,1.17125,1.27395,1.16025,1.2643,23199533.0
1702944000000,1702944000000,1.2643,1.2931,1.208,1.2189,18295401.5
1702965600000,1702965600000,1.2189,1.231,1.1791,1.1803,11472668.5
1702987200000,1702987200000,1.1803,1.2087,1.16055,1.18295,11382416.2
1703008800000,1703008800000,1.18295,1.1971,1.16,1.17765,6541481.2
1703030400000,1703030400000,1.17765,1.40695,1.17625,1.38945,32159192.6
1703052000000,1703052000000,1.38945,1.4724,1.374,1.4588,26589173.0
1703073600000,1703073600000,1.4588,1.56495,1.41625,1.55655,39105998.2
1703095200000,1703095200000,1.55655,1.5622,1.4459,1.46385,18978863.5
1703116800000,1703116800000,1.46385,1.49375,1.43175,1.448,12542651.8
1703138400000,1703138400000,1.448,1.5425,1.43635,1.48225,16708013.2
1703160000000,1703160000000,1.48225,1.5377,1.42325,1.4279,16283718.0
1703181600000,1703181600000,1.4279,1.43505,1.40175,1.4161,8180496.4
1703203200000,1703203200000,1.4161,1.43955,1.3771,1.3946,9502085.9
1703224800000,1703224800000,1.3946,1.397,1.29935,1.3289,14776163.8
1703246400000,1703246400000,1.3289,1.35585,1.3095,1.3342,7346599.2
1703268000000,1703268000000,1.3342,1.41715,1.32665,1.39875,7977210.4
1703289600000,1703289600000,1.39875,1.5169,1.381,1.4314,29187111.0
1703311200000,1703311200000,1.4314,1.4484,1.3749,1.44125,11279530.1
1703332800000,1703332800000,1.44125,1.5087,1.43545,1.5022,15357702.5
1703354400000,1703354400000,1.5022,1.5248,1.4539,1.4791,9766946.4
1703376000000,1703376000000,1.4791,1.51415,1.4204,1.445,9378242.1
1703397600000,1703397600000,1.445,1.45275,1.4054,1.42535,5349521.3
1703419200000,1703419200000,1.42535,1.4551,1.41,1.4518,5106474.1
1703440800000,1703440800000,1.4518,1.46935,1.3557,1.39005,6076765.7
1703462400000,1703462400000,1.39005,1.46815,1.3695,1.46225,8711760.8
1703484000000,1703484000000,1.46225,1.5167,1.4271,1.513,7385298.3
1703505600000,1703505600000,1.513,1.6199,1.47655,1.55875,19739497.2
1703527200000,1703527200000,1.55875,1.57065,1.51495,1.5172,5496183.7
1703548800000,1703548800000,1.5172,1.61955,1.51715,1.54255,9998755.8
1703570400000,1703570400000,1.54255,1.5573,1.46235,1.52945,12947644.3
1703592000000,1703592000000,1.52945,1.601,1.3913,1.46715,13783644.3
1703613600000,1703613600000,1.46715,1.6574,1.46315,1.63155,16185788.3
1703635200000,1703635200000,1.63155,1.74065,1.6059,1.61915,16244672.0
1703656800000,1703656800000,1.61915,1.66245,1.5564,1.60695,10411812.7
1703678400000,1703678400000,1.60695,1.623,1.5229,1.5477,9013981.0
1703700000000,1703700000000,1.5477,1.594,1.54015,1.56445,7223423.8
1703721600000,1703721600000,1.56445,1.59805,1.48345,1.50865,7871091.7
1703743200000,1703743200000,1.50865,1.51145,1.4641,1.4827,4630931.0
1703764800000,1703764800000,1.4827,1.48895,1.3953,1.4487,12929282.4
1703786400000,1703786400000,1.4487,1.4799,1.43005,1.4781,6655681.1
1703808000000,1703808000000,1.4781,1.5241,1.4141,1.49495,6892252.6
1703829600000,1703829600000,1.49495,1.5238,1.444,1.5107,4981406.0
1703851200000,1703851200000,1.5107,1.55295,1.39065,1.4048,11365879.2
1703872800000,1703872800000,1.4048,1.4511,1.3979,1.4277,3793082.5
1703894400000,1703894400000,1.4277,1.43375,1.392,1.4143,2239972.0
1703916000000,1703916000000,1.4143,1.43295,1.363,1.37665,4634684.8
1703937600000,1703937600000,1.37665,1.47315,1.37145,1.467,5161397.8
1703959200000,1703959200000,1.467,1.477,1.4196,1.4197,2860965.4
1703980800000,1703980800000,1.4197,1.4596,1.3902,1.4353,2613095.4
1704002400000,1704002400000,1.4353,1.49185,1.4274,1.48255,4113431.1
1704024000000,1704024000000,1.48255,1.5295,1.46955,1.5029,6504094.1
1704045600000,1704045600000,1.5029,1.5354,1.4444,1.49915,4728706.6
1704067200000,1704067200000,1.49915,1.53,1.44655,1.45055,4856308.4
1704088800000,1704088800000,1.45055,1.51565,1.44725,1.4949,2804895.5
1704110400000,1704110400000,1.4949,1.5187,1.47055,1.4904,2641152.5
1704132000000,1704132000000,1.4904,1.6,1.48755,1.5956,5976194.8
1704153600000,1704153600000,1.5956,1.7398,1.5874,1.69485,9566514.3
1704175200000,1704175200000,1.69485,1.74585,1.6151,1.6338,8883951.2
1704196800000,1704196800000,1.6338,1.65065,1.57385,1.59665,9973349.0
1704218400000,1704218400000,1.59665,1.60815,1.5402,1.5494,3924179.1
1704240000000,1704240000000,1.5494,1.5942,1.5415,1.56425,4301763.0
1704261600000,1704261600000,1.56425,1.5835,1.45605,1.47935,9457761.1
1704283200000,1704283200000,1.47935,1.6192,1.157,1.57705,36994641.5
1704304800000,1704304800000,1.57705,1.62295,1.5154,1.55535,8343478.4
1704326400000,1704326400000,1.55535,1.62945,1.5241,1.5846,6436886.0
1704348000000,1704348000000,1.5846,1.6271,1.5199,1.62185,7348471.8
1704369600000,1704369600000,1.62185,1.67365,1.56175,1.60525,12541890.9
1704391200000,1704391200000,1.60525,1.73935,1.59015,1.72315,15684379.6
1704412800000,1704412800000,1.72315,1.7782,1.6149,1.665,15805399.8
1704434400000,1704434400000,1.665,1.7038,1.60535,1.63335,7321312.9
1704456000000,1704456000000,1.63335,1.67845,1.5646,1.60045,10500296.0
1704477600000,1704477600000,1.60045,1.65155,1.5651,1.61205,7883388.0
1704499200000,1704499200000,1.61205,1.6152,1.474,1.48365,5813076.8
1704520800000,1704520800000,1.48365,1.50285,1.4419,1.48215,6068183.6
1704542400000,1704542400000,1.48215,1.59555,1.4559,1.557,4661520.6
1704564000000,1704564000000,1.557,1.6009,1.5379,1.57225,3786696.7
1704585600000,1704585600000,1.57225,1.63225,1.55505,1.5848,5084637.2
1704607200000,1704607200000,1.5848,1.6795,1.5405,1.6657,6252269.9
1704628800000,1704628800000,1.6657,1.7758,1.6325,1.7569,19152121.8
1704650400000,1704650400000,1.7569,1.789,1.63005,1.6675,14714306.4
1704672000000,1704672000000,1.6675,1.70785,1.5601,1.6888,19394881.2
1704693600000,1704693600000,1.6888,1.8527,1.67825,1.84135,35215757.1
1704715200000,1704715200000,1.84135,1.99,1.79735,1.9794,49776907.8
1704736800000,1704736800000,1.9794,2.0354,1.92485,2.0252,24682199.2
1704758400000,1704758400000,2.0252,2.0669,1.92805,1.97235,19905311.9
1704780000000,1704780000000,1.97235,2.06,1.9355,1.9817,14621183.3
1704801600000,1704801600000,1.9817,2.02285,1.813,1.88855,24412028.5
1704823200000,1704823200000,1.88855,2.00105,1.7338,1.82745,38257706.9
1704844800000,1704844800000,1.82745,1.83955,1.735,1.78345,13051978.1
1704866400000,1704866400000,1.78345,1.815,1.71305,1.7425,9824921.9
1704888000000,1704888000000,1.7425,1.84795,1.65145,1.8344,23708449.5
1704909600000,1704909600000,1.8344,1.9461,1.7304,1.84745,38169274.9
1704931200000,1704931200000,1.84745,1.8492,1.75805,1.7707,10320588.2
1704952800000,1704952800000,1.7707,1.8644,1.73245,1.8315,8686249.2
1704974400000,1704974400000,1.8315,1.989,1.7331,1.79645,43018324.2
1704996000000,1704996000000,1.79645,1.82745,1.7622,1.77825,6001234.4
1705017600000,1705017600000,1.77825,1.7908,1.72165,1.74675,4221905.2
1705039200000,1705039200000,1.74675,1.7671,1.7134,1.74405,5779288.9
1705060800000,1705060800000,1.74405,1.75055,1.6004,1.65965,15641870.5
1705082400000,1705082400000,1.65965,1.6775,1.5761,1.63085,8897730.8
1705104000000,1705104000000,1.63085,1.72485,1.63075,1.69555,7862017.5
1705125600000,1705125600000,1.69555,1.7268,1.64495,1.6551,5462614.8
1705147200000,1705147200000,1.6551,1.708,1.6532,1.6752,3808033.9
1705168800000,1705168800000,1.6752,1.6926,1.6608,1.6709,1928295.5
1705190400000,1705190400000,1.6709,1.68055,1.62005,1.64545,2412739.8
1705212000000,1705212000000,1.64545,1.695,1.64465,1.6756,3056652.8
1705233600000,1705233600000,1.6756,1.6933,1.6376,1.66815,2731864.6
1705255200000,1705255200000,1.66815,1.677,1.57765,1.57955,4302979.4
1705276800000,1705276800000,1.57955,1.6399,1.5751,1.629,2769884.1
1705298400000,1705298400000,1.629,1.629,1.60015,1.61325,1382454.5
1705320000000,1705320000000,1.61325,1.6255,1.55065,1.58225,3305496.8
1705341600000,1705341600000,1.58225,1.6291,1.5665,1.58545,1977076.2
1705363200000,1705363200000,1.58545,1.6608,1.57975,1.6199,2937970.2
1705384800000,1705384800000,1.6199,1.65325,1.6065,1.6197,3039793.7
1705406400000,1705406400000,1.6197,1.6633,1.5788,1.63455,6676911.6
1705428000000,1705428000000,1.63455,1.66195,1.6162,1.6323,2205049.5
1705449600000,1705449600000,1.6323,1.65205,1.60565,1.6093,2190392.9
1705471200000,1705471200000,1.6093,1.61775,1.58565,1.5942,1876808.3
1705492800000,1705492800000,1.5942,1.61175,1.55515,1.5729,3204757.7
1705514400000,1705514400000,1.5729,1.57935,1.54545,1.5744,2328999.4
1705536000000,1705536000000,1.5744,1.57715,1.5229,1.5675,1946478.2
1705557600000,1705557600000,1.5675,1.60935,1.56005,1.56535,2066287.1
1705579200000,1705579200000,1.56535,1.599,1.4979,1.50955,4018300.3
1705600800000,1705600800000,1.50955,1.52825,1.4736,1.4844,3562519.9
1705622400000,1705622400000,1.4844,1.4962,1.4223,1.47165,3917365.9
1705644000000,1705644000000,1.47165,1.5033,1.45005,1.4909,2256551.8
1705665600000,1705665600000,1.4909,1.50885,1.39145,1.45965,6671938.2
1705687200000,1705687200000,1.45965,1.5227,1.44165,1.4951,3369011.0
1705708800000,1705708800000,1.4951,1.49555,1.45455,1.4609,1876247.5
1705730400000,1705730400000,1.4609,1.47145,1.4299,1.44455,1251159.6
1705752000000,1705752000000,1.44455,1.48055,1.4307,1.47285,1696167.0
1705773600000,1705773600000,1.47285,1.5149,1.46325,1.48825,2403984.7
1705795200000,1705795200000,1.48825,1.50765,1.4685,1.47465,1171822.5
1705816800000,1705816800000,1.47465,1.4946,1.46515,1.4768,818427.5
1705838400000,1705838400000,1.4768,1.50145,1.4584,1.4756,1664333.4
1705860000000,1705860000000,1.4756,1.47825,1.451,1.45575,1110050.1
1705881600000,1705881600000,1.45575,1.46745,1.40935,1.44095,1975063.7
1705903200000,1705903200000,1.44095,1.44965,1.3862,1.4029,2270381.9
1705924800000,1705924800000,1.4029,1.443,1.3718,1.38975,2596735.1
1705946400000,1705946400000,1.38975,1.4152,1.3213,1.33365,6529532.1
1705968000000,1705968000000,1.33365,1.37455,1.3211,1.366,2522232.6
1705989600000,1705989600000,1.366,1.3691,1.2528,1.26685,6583205.3
1706011200000,1706011200000,1.26685,1.37015,1.24105,1.3481,5507940.6
1706032800000,1706032800000,1.3481,1.4022,1.31915,1.39485,4394370.1
1706054400000,1706054400000,1.39485,1.44045,1.37235,1.43425,4341909.6
1706076000000,1706076000000,1.43425,1.4843,1.415,1.4718,7011731.4
1706097600000,1706097600000,1.4718,1.48025,1.4126,1.4524,6662586.1
1706119200000,1706119200000,1.4524,1.48145,1.4173,1.4771,2362054.9
1706140800000,1706140800000,1.4771,1.47855,1.43,1.43805,1876809.9
1706162400000,1706162400000,1.43805,1.4945,1.43065,1.46715,3667855.3
1706184000000,1706184000000,1.46715,1.491,1.43695,1.4666,3464729.0
1706205600000,1706205600000,1.4666,1.49905,1.4495,1.4532,2557135.1
1706227200000,1706227200000,1.4532,1.4943,1.4334,1.4638,1637066.9
1706248800000,1706248800000,1.4638,1.545,1.44425,1.5288,3503410.9
1706270400000,1706270400000,1.5288,1.53925,1.4825,1.51045,4276747.3
1706292000000,1706292000000,1.51045,1.5412,1.50265,1.5068,2112310.7
1706313600000,1706313600000,1.5068,1.5445,1.50045,1.51745,2439435.7
1706335200000,1706335200000,1.51745,1.54495,1.4969,1.5147,2801946.1
1706356800000,1706356800000,1.5147,1.5267,1.49905,1.49985,1572004.2
1706378400000,1706378400000,1.49985,1.52455,1.4937,1.5128,1258074.0
1706400000000,1706400000000,1.5128,1.56285,1.50505,1.5457,3347199.7
1706421600000,1706421600000,1.5457,1.5595,1.52675,1.5284,1953750.4
1706443200000,1706443200000,1.5284,1.53175,1.5013,1.5063,1908362.0
1706464800000,1706464800000,1.5063,1.51045,1.4577,1.4744,1846375.1
1706486400000,1706486400000,1.4744,1.4825,1.4567,1.4608,1881252.6
1706508000000,1706508000000,1.4608,1.4764,1.4414,1.46895,2161683.2
1706529600000,1706529600000,1.46895,1.569,1.442,1.54025,5437933.7
1706551200000,1706551200000,1.54025,1.5553,1.5243,1.5375,1599902.7
1706572800000,1706572800000,1.5375,1.58685,1.5239,1.58335,2999504.4
1706594400000,1706594400000,1.58335,1.61915,1.56755,1.61425,3890203.6
1706616000000,1706616000000,1.61425,1.6168,1.55805,1.5644,5076419.3
1706637600000,1706637600000,1.5644,1.58325,1.524,1.53585,2018878.8
1706659200000,1706659200000,1.53585,1.54205,1.49505,1.5207,2867285.4
1706680800000,1706680800000,1.5207,1.5242,1.4665,1.48685,2748337.8
1706702400000,1706702400000,1.48685,1.57945,1.46905,1.55375,3894069.6
1706724000000,1706724000000,1.55375,1.55585,1.4728,1.5013,3554630.0
1706745600000,1706745600000,1.5013,1.51095,1.4476,1.4677,3755001.8
1706767200000,1706767200000,1.4677,1.48125,1.4575,1.47055,1581720.2
1706788800000,1706788800000,1.47055,1.50945,1.4622,1.4966,2004915.4
1706810400000,1706810400000,1.4966,1.50785,1.4781,1.496,849763.8
1706832000000,1706832000000,1.496,1.5375,1.49025,1.5348,1450230.4
1706853600000,1706853600000,1.5348,1.55435,1.52085,1.52945,1993523.3
1706875200000,1706875200000,1.52945,1.57555,1.5087,1.5277,1948728.2
1706896800000,1706896800000,1.5277,1.5659,1.522,1.5574,740981.7
1706918400000,1706918400000,1.5574,1.5793,1.53585,1.5551,1474380.5
1706940000000,1706940000000,1.5551,1.55755,1.5295,1.5315,757420.6
1706961600000,1706961600000,1.5315,1.5439,1.51895,1.54115,747543.8
1706983200000,1706983200000,1.54115,1.5419,1.5188,1.52385,450262.3
1707004800000,1707004800000,1.52385,1.5248,1.48755,1.4882,1061363.0
1707026400000,1707026400000,1.4882,1.4997,1.4704,1.4913,923087.0
1707048000000,1707048000000,1.4913,1.49995,1.4757,1.49235,1085859.7
1707069600000,1707069600000,1.49235,1.4946,1.46425,1.46865,530113.1
1707091200000,1707091200000,1.46865,1.4802,1.4458,1.47455,1066026.4
1707112800000,1707112800000,1.47455,1.4992,1.4733,1.49605,663089.4
1707134400000,1707134400000,1.49605,1.51985,1.4645,1.48505,1730436.8
1707156000000,1707156000000,1.48505,1.4984,1.45745,1.4828,630930.6
1707177600000,1707177600000,1.4828,1.492,1.47155,1.47345,873593.8
1707199200000,1707199200000,1.47345,1.4905,1.45685,1.4663,1011317.2
1707220800000,1707220800000,1.4663,1.50295,1.4482,1.49145,1737068.6
1707242400000,1707242400000,1.49145,1.521,1.48625,1.5014,932311.0
1707264000000,1707264000000,1.5014,1.52895,1.50015,1.5061,1058695.7
1707285600000,1707285600000,1.5061,1.52105,1.49645,1.5008,659149.8
1707307200000,1707307200000,1.5008,1.5549,1.49945,1.54885,2522616.7
1707328800000,1707328800000,1.54885,1.68,1.54885,1.6633,6456824.9
1707350400000,1707350400000,1.6633,1.69505,1.64575,1.64675,6198936.1
1707372000000,1707372000000,1.64675,1.7655,1.6429,1.7283,7007688.7
1707393600000,1707393600000,1.7283,1.8237,1.72715,1.8138,12793056.3
1707415200000,1707415200000,1.8138,1.83185,1.77805,1.78535,6505397.7
1707436800000,1707436800000,1.78535,1.8669,1.7837,1.86015,6852562.2
1707458400000,1707458400000,1.86015,1.875,1.77975,1.8085,7842075.9
1707480000000,1707480000000,1.8085,1.8616,1.75085,1.845,9913647.2
1707501600000,1707501600000,1.845,1.84745,1.77985,1.81055,6041694.9
1707523200000,1707523200000,1.81055,1.81905,1.77105,1.7813,2692784.8
1707544800000,1707544800000,1.7813,1.809,1.73735,1.76265,4382899.3
1707566400000,1707566400000,1.76265,1.83025,1.7538,1.7954,3644321.0
1707588000000,1707588000000,1.7954,1.90205,1.7791,1.8141,4323232.1
1707609600000,1707609600000,1.8141,1.9089,1.79435,1.90245,4219316.9
1707631200000,1707631200000,1.90245,1.9316,1.87,1.91345,4109175.0
1707652800000,1707652800000,1.91345,1.9221,1.8397,1.86,4083325.1
1707674400000,1707674400000,1.86,1.86565,1.8289,1.85075,1720941.0
1707696000000,1707696000000,1.85075,1.91475,1.84545,1.86575,5726565.3
1707717600000,1707717600000,1.86575,1.9225,1.85335,1.87855,4458494.7
1707739200000,1707739200000,1.87855,2.0586,1.87645,2.0233,11772090.4
1707760800000,1707760800000,2.0233,2.0493,1.98125,1.9948,3518313.2
1707782400000,1707782400000,1.9948,2.03185,1.9657,1.9903,3890025.6
1707804000000,1707804000000,1.9903,2.07895,1.9782,2.05845,5375855.4
1707825600000,1707825600000,2.05845,2.15855,2.0407,2.1393,22055641.2
1707847200000,1707847200000,2.1393,2.1824,2.08635,2.13235,7097099.2
1707868800000,1707868800000,2.13235,2.17475,2.1142,2.1186,5100603.2
1707890400000,1707890400000,2.1186,2.3913,2.09095,2.37695,12495386.4
1707912000000,1707912000000,2.37695,2.47955,2.34795,2.40175,13533291.1
1707933600000,1707933600000,2.40175,2.57655,2.39225,2.56605,8576831.3
1707955200000,1707955200000,2.56605,2.80665,2.553,2.67445,23271294.9
1707976800000,1707976800000,2.67445,2.7273,2.61905,2.6228,11528135.8
1707998400000,1707998400000,2.6228,2.66305,2.51565,2.58205,12833720.0
1708020000000,1708020000000,2.58205,2.59655,2.4875,2.5369,7647347.7
1708041600000,1708041600000,2.5369,2.6287,2.48565,2.53975,7327509.1
1708063200000,1708063200000,2.53975,2.5885,2.45645,2.5433,7889484.0
1708084800000,1708084800000,2.5433,2.63965,2.47145,2.52065,10956512.0
1708106400000,1708106400000,2.52065,2.60685,2.50385,2.59475,2979988.3
1708128000000,1708128000000,2.59475,2.66575,2.53375,2.62205,4550516.8
1708149600000,1708149600000,2.62205,2.62625,2.5188,2.5444,4450135.0
1708171200000,1708171200000,2.5444,2.5457,2.41765,2.5135,7841246.1
1708192800000,1708192800000,2.5135,2.58555,2.49665,2.5387,2671948.7
1708214400000,1708214400000,2.5387,2.54965,2.476,2.49615,2851148.8
1708236000000,1708236000000,2.49615,2.56145,2.4541,2.5149,4645586.2
1708257600000,1708257600000,2.5149,2.61,2.4851,2.56645,4057880.3
1708279200000,1708279200000,2.56645,2.6741,2.50355,2.6551,4479240.9
1708300800000,1708300800000,2.6551,2.69385,2.58975,2.6518,5697379.5
1708322400000,1708322400000,2.6518,2.93315,2.64835,2.82525,12510677.1
1708344000000,1708344000000,2.82525,2.8456,2.66,2.7134,6965122.7
1708365600000,1708365600000,2.7134,2.7165,2.6291,2.64325,3374596.1
1708387200000,1708387200000,2.64325,2.80095,2.6305,2.76185,7304448.6
1708408800000,1708408800000,2.76185,2.86455,2.6663,2.7847,6262553.9
1708430400000,1708430400000,2.7847,2.83505,2.5679,2.6147,11643888.5
1708452000000,1708452000000,2.6147,2.7433,2.61195,2.7093,3781384.7
1708473600000,1708473600000,2.7093,2.9105,2.68035,2.7938,9226127.6
1708495200000,1708495200000,2.7938,2.87,2.76315,2.78625,8622086.7
1708516800000,1708516800000,2.78625,2.8028,2.5976,2.6143,10092864.9
1708538400000,1708538400000,2.6143,2.6672,2.5406,2.66375,6641405.7
1708560000000,1708560000000,2.66375,2.6692,2.50555,2.60715,8220920.7
1708581600000,1708581600000,2.60715,2.72435,2.5976,2.6276,5461316.7
1708603200000,1708603200000,2.6276,2.64175,2.55605,2.59645,4809294.4
1708624800000,1708624800000,2.59645,2.64745,2.5426,2.5482,2934176.1
1708646400000,1708646400000,2.5482,2.632,2.48885,2.55145,5382336.3
1708668000000,1708668000000,2.55145,2.60785,2.54005,2.5648,3112372.1
1708689600000,1708689600000,2.5648,2.59515,2.3956,2.49225,7867449.2
1708711200000,1708711200000,2.49225,2.50415,2.4135,2.44665,1925198.0
1708732800000,1708732800000,2.44665,2.55945,2.38065,2.54535,3562370.0
1708754400000,1708754400000,2.54535,2.54545,2.4576,2.511,3124548.4
1708776000000,1708776000000,2.511,2.5872,2.4687,2.57155,3028416.9
1708797600000,1708797600000,2.57155,2.60545,2.54655,2.58845,1457970.1
1708819200000,1708819200000,2.58845,2.64095,2.5484,2.5944,3583113.3
1708840800000,1708840800000,2.5944,2.6074,2.515,2.5289,2658049.1
1708862400000,1708862400000,2.5289,2.56905,2.51765,2.5631,2013621.1
1708884000000,1708884000000,2.5631,2.6333,2.5614,2.5968,2094326.4
1708905600000,1708905600000,2.5968,2.60625,2.5012,2.5194,3074700.3
1708927200000,1708927200000,2.5194,2.5314,2.43365,2.47975,3399736.6
1708948800000,1708948800000,2.47975,2.84745,2.45525,2.8043,12043142.5
1708970400000,1708970400000,2.8043,2.9251,2.7504,2.91605,8099272.7
1708992000000,1708992000000,2.91605,3.19295,2.90545,3.12135,15566433.6
1709013600000,1709013600000,3.12135,3.199,3.086,3.18955,9580986.6
1709035200000,1709035200000,3.18955,3.27395,2.98525,2.9956,21265295.8
1709056800000,1709056800000,2.9956,3.0188,2.86815,2.9563,8927599.6
1709078400000,1709078400000,2.9563,3.04965,2.9186,2.987,8320436.6
1709100000000,1709100000000,2.987,3.39815,2.9745,3.1148,24942218.7
1709121600000,1709121600000,3.1148,3.25895,2.8097,3.1338,27838550.8
1709143200000,1709143200000,3.1338,3.1778,2.95185,3.0873,12585264.6
1709164800000,1709164800000,3.0873,3.1708,2.99135,3.0276,9319436.3
1709186400000,1709186400000,3.0276,3.0891,2.99375,3.0209,8681331.7
1709208000000,1709208000000,3.0209,3.07255,2.9365,2.9859,8812581.3
1709229600000,1709229600000,2.9859,3.0365,2.82205,2.90005,7448774.1
1709251200000,1709251200000,2.90005,2.97675,2.8803,2.93195,4821633.6
1709272800000,1709272800000,2.93195,3.02995,2.90875,2.93395,3751557.4
1709294400000,1709294400000,2.93395,3.041,2.89385,3.0142,5359759.8
1709316000000,1709316000000,3.0142,3.04205,2.9638,2.97375,2740327.4
1709337600000,1709337600000,2.97375,2.9792,2.89175,2.9159,2595693.9
1709359200000,1709359200000,2.9159,2.94115,2.88695,2.905,1987995.9
1709380800000,1709380800000,2.905,2.95,2.8837,2.9345,2049109.9
1709402400000,1709402400000,2.9345,2.98105,2.92895,2.9788,1311729.0
1709424000000,1709424000000,2.9788,3.00005,2.91725,2.9814,2047494.0
1709445600000,1709445600000,2.9814,3.07315,2.75905,3.01905,7769592.4
1709467200000,1709467200000,3.01905,3.1382,3.0045,3.05535,4359100.7
1709488800000,1709488800000,3.05535,3.108,3.03005,3.0529,2303234.3
1709510400000,1709510400000,3.0529,3.20575,3.0218,3.08355,6774532.7
1709532000000,1709532000000,3.08355,3.1856,3.05,3.0943,7388610.4
1709553600000,1709553600000,3.0943,3.1353,2.91095,2.91245,12930625.9
1709575200000,1709575200000,2.91245,3.10475,2.9108,3.03805,4179747.4
1709596800000,1709596800000,3.03805,3.03845,2.83445,2.9363,6154293.8
1709618400000,1709618400000,2.9363,3.0714,2.8616,2.8929,8779598.1
1709640000000,1709640000000,2.8929,2.9609,2.72495,2.82895,8993902.7
1709661600000,1709661600000,2.82895,2.8466,2.14015,2.73475,14041860.0
1709683200000,1709683200000,2.73475,2.8443,2.5896,2.82285,5830810.4
1709704800000,1709704800000,2.82285,2.9145,2.7608,2.7937,4936349.3
1709726400000,1709726400000,2.7937,2.8431,2.66105,2.8286,7212693.5
1709748000000,1709748000000,2.8286,2.88945,2.79555,2.8458,2089834.7
1709769600000,1709769600000,2.8458,2.86485,2.73295,2.7497,3849536.2
1709791200000,1709791200000,2.7497,2.85825,2.7412,2.8412,3790247.2
1709812800000,1709812800000,2.8412,2.93925,2.79825,2.9074,6020764.4
1709834400000,1709834400000,2.9074,2.928,2.8682,2.9099,2768133.3
1709856000000,1709856000000,2.9099,2.9586,2.8601,2.87495,1855208.9
1709877600000,1709877600000,2.87495,2.91045,2.86095,2.8974,1411334.1
1709899200000,1709899200000,2.8974,3.0586,2.632,2.86645,11861596.5
1709920800000,1709920800000,2.86645,2.8706,2.7971,2.8346,2154382.6
1709942400000,1709942400000,2.8346,2.8592,2.80875,2.8436,1035130.4
1709964000000,1709964000000,2.8436,2.8702,2.7914,2.8251,2235844.8
1709985600000,1709985600000,2.8251,2.84145,2.7959,2.8013,1310447.2
1710007200000,1710007200000,2.8013,2.822,2.78645,2.81235,847667.7
1710028800000,1710028800000,2.81235,3.11,2.7997,2.997,10686618.2
1710050400000,1710050400000,2.997,3.33195,2.9385,3.2241,11708108.7
1710072000000,1710072000000,3.2241,3.2678,2.9909,3.0154,10030245.4
1710093600000,1710093600000,3.0154,3.02565,2.89355,2.9611,4728205.6
1710115200000,1710115200000,2.9611,3.02645,2.81505,3.00695,7878380.9
1710136800000,1710136800000,3.00695,3.41215,2.98495,3.2165,13110644.5
1710158400000,1710158400000,3.2165,3.24375,3.0458,3.0812,7533754.1
1710180000000,1710180000000,3.0812,3.1099,3.04215,3.0735,2667935.4
1710201600000,1710201600000,3.0735,3.15315,3.02155,3.07505,4359776.1
1710223200000,1710223200000,3.07505,3.07505,2.94935,2.99925,4559732.8
1710244800000,1710244800000,2.99925,3.06755,2.8162,2.98855,11234192.5
1710266400000,1710266400000,2.98855,3.04235,2.9612,3.0418,1877275.7
1710288000000,1710288000000,3.0418,3.13535,3.01965,3.10755,2654209.1
1710309600000,1710309600000,3.10755,3.18135,3.04865,3.0506,3514915.5
1710331200000,1710331200000,3.0506,3.06935,2.9472,3.02135,3784487.5
1710352800000,1710352800000,3.02135,3.1177,3.009,3.09305,1378381.0
1710374400000,1710374400000,3.09305,3.12,2.97625,2.97755,2826529.0
1710396000000,1710396000000,2.97755,3.02455,2.948,2.97145,1824545.4
1710417600000,1710417600000,2.97145,2.98845,2.8401,2.9236,4430857.9
1710439200000,1710439200000,2.9236,2.96025,2.76015,2.933,4018200.1
1710460800000,1710460800000,2.933,2.98865,2.6607,2.73705,6558728.5
1710482400000,1710482400000,2.73705,2.8212,2.5638,2.72555,6012307.7
1710504000000,1710504000000,2.72555,2.81515,2.70985,2.7721,3502686.6
1710525600000,1710525600000,2.7721,2.8634,2.7042,2.7962,2999444.9
1710547200000,1710547200000,2.7962,2.8404,2.7414,2.7684,1898060.3
1710568800000,1710568800000,2.7684,2.8101,2.7195,2.7522,1661263.2
1710590400000,1710590400000,2.7522,2.7534,2.6153,2.62355,2866610.5
1710612000000,1710612000000,2.62355,2.62975,2.5039,2.608,4619858.9
1710633600000,1710633600000,2.608,2.7945,2.6041,2.72245,8001202.2
1710655200000,1710655200000,2.72245,2.7862,2.56945,2.7359,5888865.5
1710676800000,1710676800000,2.7359,2.8,2.654,2.7913,3770074.3
1710698400000,1710698400000,2.7913,2.8062,2.74845,2.77645,1466022.4
1710720000000,1710720000000,2.77645,2.7863,2.686,2.76835,1824095.3
1710741600000,1710741600000,2.76835,2.7699,2.66825,2.70505,2711906.0
1710763200000,1710763200000,2.70505,2.72885,2.5698,2.6037,3654930.1
1710784800000,1710784800000,2.6037,2.681,2.57355,2.6588,1056932.2
1710806400000,1710806400000,2.6588,2.71605,2.51835,2.60205,5439977.5
1710828000000,1710828000000,2.60205,2.8793,2.4711,2.8681,13056996.5
1710849600000,1710849600000,2.8681,2.97875,2.75585,2.88545,12709930.7
1710871200000,1710871200000,2.88545,2.88565,2.6403,2.6983,6126413.2
1710892800000,1710892800000,2.6983,2.8723,2.65205,2.8397,9081604.9
1710914400000,1710914400000,2.8397,3.00835,2.82035,2.926,7324522.6
1710936000000,1710936000000,2.926,3.23495,2.88075,3.20675,13993533.1
1710957600000,1710957600000,3.20675,3.5523,3.20125,3.4232,13730922.5
1710979200000,1710979200000,3.4232,3.498,3.30105,3.3198,8391128.8
1711000800000,1711000800000,3.3198,3.4056,3.26945,3.3838,4134855.3
1711022400000,1711022400000,3.3838,3.5742,3.29545,3.3721,13163754.2
1711044000000,1711044000000,3.3721,3.3926,3.22025,3.2842,5368720.2
1711065600000,1711065600000,3.2842,3.61125,3.269,3.57605,11984250.7
1711087200000,1711087200000,3.57605,3.70655,3.43585,3.4614,11627319.1
1711108800000,1711108800000,3.4614,3.50665,3.36145,3.3675,10244124.9
1711130400000,1711130400000,3.3675,3.50255,3.3388,3.4517,4732611.6
1711152000000,1711152000000,3.4517,3.5862,3.37495,3.51715,7896234.1
1711173600000,1711173600000,3.51715,3.5666,3.4651,3.48625,4767099.9
1711195200000,1711195200000,3.48625,3.56325,3.4468,3.56235,4113871.6
1711216800000,1711216800000,3.56235,3.6813,3.51905,3.61375,4461905.6
1711238400000,1711238400000,3.61375,3.75335,3.4807,3.5312,6277157.1
1711260000000,1711260000000,3.5312,3.69165,3.50395,3.63985,4227283.5
1711281600000,1711281600000,3.63985,3.695,3.5895,3.60025,4593515.4
1711303200000,1711303200000,3.60025,3.6779,3.5584,3.66225,3173250.5
1711324800000,1711324800000,3.66225,3.67145,3.54555,3.56125,3871019.2
1711346400000,1711346400000,3.56125,3.5651,3.45755,3.4628,4273382.2
1711368000000,1711368000000,3.4628,3.80375,3.4323,3.70495,10171035.4
1711389600000,1711389600000,3.70495,3.72625,3.5879,3.6264,3252089.9
1711411200000,1711411200000,3.6264,3.6343,3.53695,3.5894,3259286.6
1711432800000,1711432800000,3.5894,3.6568,3.5604,3.57305,3466354.8
1711454400000,1711454400000,3.57305,3.61355,3.45705,3.4921,5725589.5
1711476000000,1711476000000,3.4921,3.5233,3.417,3.46555,2690845.6
1711497600000,1711497600000,3.46555,3.52555,3.4204,3.52555,2208140.4
1711519200000,1711519200000,3.52555,3.5756,3.44565,3.4912,3395669.1
1711540800000,1711540800000,3.4912,3.53905,3.30655,3.32985,6701660.3
1711562400000,1711562400000,3.32985,3.3951,3.28885,3.37335,1730764.2
1711584000000,1711584000000,3.37335,3.4406,3.32505,3.38615,1978127.8
1711605600000,1711605600000,3.38615,3.43525,3.3603,3.3831,1854447.5
1711627200000,1711627200000,3.3831,3.49935,3.3256,3.43455,4061771.9
1711648800000,1711648800000,3.43455,3.48085,3.42295,3.4429,1374116.1
1711670400000,1711670400000,3.4429,3.5934,3.4207,3.5405,2983738.4
1711692000000,1711692000000,3.5405,3.57795,3.47045,3.53415,2315324.2
1711713600000,1711713600000,3.53415,3.63885,3.5252,3.6348,4466463.7
1711735200000,1711735200000,3.6348,3.7279,3.5993,3.6699,4071713.4
1711756800000,1711756800000,3.6699,3.67535,3.56655,3.5753,2790437.1
1711778400000,1711778400000,3.5753,3.6575,3.51965,3.64545,4591563.1
1711800000000,1711800000000,3.64545,3.71325,3.60595,3.6259,2482435.3
1711821600000,1711821600000,3.6259,3.67305,3.6101,3.64435,1248781.0
1711843200000,1711843200000,3.64435,3.6872,3.54885,3.624,2272373.8
1711864800000,1711864800000,3.624,3.6264,3.5275,3.53335,1746795.8
1711886400000,1711886400000,3.53335,3.57375,3.525,3.53245,1276246.3
1711908000000,1711908000000,3.53245,3.68765,3.5313,3.66225,1803337.9
1711929600000,1711929600000,3.66225,3.68325,3.5136,3.5648,4177069.6
1711951200000,1711951200000,3.5648,3.81255,3.5382,3.8013,6503253.4
1711972800000,1711972800000,3.8013,3.85505,3.43,3.4641,9107360.5
1711994400000,1711994400000,3.4641,3.6642,3.39295,3.62105,3410245.3
1712016000000,1712016000000,3.62105,3.625,3.3249,3.44175,5667252.2
1712037600000,1712037600000,3.44175,3.5228,3.34915,3.46255,4653851.8
1712059200000,1712059200000,3.46255,3.56765,3.3677,3.396,5215973.1
1712080800000,1712080800000,3.396,3.4505,3.27775,3.2939,3617819.3
1712102400000,1712102400000,3.2939,3.337,3.157,3.3124,5612740.9
1712124000000,1712124000000,3.3124,3.3653,3.2572,3.2877,3209258.3
1712145600000,1712145600000,3.2877,3.2913,3.1338,3.1391,3442839.9
1712167200000,1712167200000,3.1391,3.1579,3.07735,3.1367,1835512.9
1712188800000,1712188800000,3.1367,3.213,3.0805,3.1104,2125033.8
1712210400000,1712210400000,3.1104,3.2152,3.1034,3.1927,2414481.8
1712232000000,1712232000000,3.1927,3.3361,3.1833,3.328,3922134.8
1712253600000,1712253600000,3.328,3.3547,3.2293,3.2763,2905382.1
1712275200000,1712275200000,3.2763,3.3598,3.0115,3.0341,5422010.1
1712296800000,1712296800000,3.0341,3.0377,2.9218,2.9297,4562361.6
1712318400000,1712318400000,2.9297,3.147,2.9106,3.0807,5806603.9
1712340000000,1712340000000,3.0807,3.1332,3.0687,3.0923,759724.8
1712361600000,1712361600000,3.0923,3.2326,3.0606,3.2226,2529469.6
1712383200000,1712383200000,3.2226,3.243,3.1541,3.163,1624542.2
1712404800000,1712404800000,3.163,3.2045,3.1132,3.1904,1444791.9
1712426400000,1712426400000,3.1904,3.2307,3.1558,3.2087,952146.2
1712448000000,1712448000000,3.2087,3.2921,3.1832,3.2564,1618019.1
1712469600000,1712469600000,3.2564,3.3104,3.226,3.2795,1775213.5
1712491200000,1712491200000,3.2795,3.3693,3.2515,3.3188,1991995.0
1712512800000,1712512800000,3.3188,3.34,3.2577,3.3065,1136529.7
1712534400000,1712534400000,3.3065,3.3259,3.2271,3.2641,1441150.3
1712556000000,1712556000000,3.2641,3.5215,3.2455,3.5054,5772136.9
1712577600000,1712577600000,3.5054,3.5141,3.3822,3.468,2626080.3
1712599200000,1712599200000,3.468,3.5157,3.4628,3.4669,1924329.4
1712620800000,1712620800000,3.4669,3.536,3.4028,3.4269,2404001.8
1712642400000,1712642400000,3.4269,3.4288,3.281,3.2948,3715091.2
1712664000000,1712664000000,3.2948,3.3114,3.1225,3.2241,6794664.3
1712685600000,1712685600000,3.2241,3.2607,3.15,3.1819,3674830.1
1712707200000,1712707200000,3.1819,3.2266,3.1142,3.1545,2816908.5
1712728800000,1712728800000,3.1545,3.1943,3.0979,3.1244,1843870.7
1712750400000,1712750400000,3.1244,3.1629,2.9758,3.1258,6245341.2
1712772000000,1712772000000,3.1258,3.1556,3.0446,3.0978,2398132.9
1712793600000,1712793600000,3.0978,3.0983,3.0371,3.054,1348306.2
1712815200000,1712815200000,3.054,3.1231,3.0018,3.0129,2369479.0
1712836800000,1712836800000,3.0129,3.082,2.9347,2.987,4914566.9
1712858400000,1712858400000,2.987,3.0111,2.9423,2.9921,1737624.6
1712880000000,1712880000000,2.9921,3.0787,2.9668,3.063,1716943.3
1712901600000,1712901600000,3.063,3.0694,2.9795,2.9988,3559263.1
1712923200000,1712923200000,2.9988,2.9991,2.5277,2.648,11540208.6
1712944800000,1712944800000,2.648,2.7163,2.1719,2.6289,15716323.7
1712966400000,1712966400000,2.6289,2.7892,2.4945,2.7007,7950687.4
1712988000000,1712988000000,2.7007,2.7235,2.6072,2.6558,5982031.2
1713009600000,1713009600000,2.6558,2.7385,2.42,2.4744,6299802.4
1713031200000,1713031200000,2.4744,2.6077,2.0422,2.5211,23836997.0
1713052800000,1713052800000,2.5211,2.6384,2.3988,2.615,8199705.5
1713074400000,1713074400000,2.615,2.7337,2.5576,2.5918,7091444.3
1713096000000,1713096000000,2.5918,2.6614,2.5041,2.589,9544565.4
1713117600000,1713117600000,2.589,2.7865,2.5629,2.7402,4695307.9
1713139200000,1713139200000,2.7402,2.7671,2.6184,2.6993,2771818.3
1713160800000,1713160800000,2.6993,2.8112,2.6835,2.7236,4286202.8
1713182400000,1713182400000,2.7236,2.7678,2.527,2.5539,6661598.5
1713204000000,1713204000000,2.5539,2.571,2.4462,2.5324,4410497.6
1713225600000,1713225600000,2.5324,2.5716,2.3959,2.4688,4139682.1
1713247200000,1713247200000,2.4688,2.55,2.3782,2.4512,3732420.9
1713268800000,1713268800000,2.4512,2.4512,2.2794,2.3395,6426308.6
1713290400000,1713290400000,2.3395,2.4468,2.3154,2.4125,2545884.1
1713312000000,1713312000000,2.4125,2.4269,2.3245,2.3556,3391185.6
1713333600000,1713333600000,2.3556,2.3676,2.2603,2.2647,3848181.6
1713355200000,1713355200000,2.2647,2.2898,2.1908,2.2665,7475414.1
1713376800000,1713376800000,2.2665,2.3305,2.2458,2.2585,3720390.9
1713398400000,1713398400000,2.2585,2.3456,2.1986,2.2788,4279443.7
1713420000000,1713420000000,2.2788,2.4034,2.2285,2.3792,4862022.8
1713441600000,1713441600000,2.3792,2.4592,2.3149,2.3746,4950634.8
1713463200000,1713463200000,2.3746,2.4749,2.3597,2.4442,2593662.5
1713484800000,1713484800000,2.4442,2.4442,2.1875,2.3167,6763442.8
1713506400000,1713506400000,2.3167,2.5111,2.3034,2.4981,6355176.8
1713528000000,1713528000000,2.4981,2.5253,2.4383,2.5104,4741346.3
1713549600000,1713549600000,2.5104,2.5107,2.4028,2.4504,2241294.6
1713571200000,1713571200000,2.4504,2.4607,2.3839,2.4432,2347198.3
1713592800000,1713592800000,2.4432,2.4747,2.4068,2.4382,1123679.0
1713614400000,1713614400000,2.4382,2.6995,2.4351,2.6598,5545574.2
1713636000000,1713636000000,2.6598,2.728,2.6295,2.7154,1656255.5
1713657600000,1713657600000,2.7154,2.8473,2.6811,2.7689,4197687.1
1713679200000,1713679200000,2.7689,2.8705,2.7422,2.8541,3111650.4
1713700800000,1713700800000,2.8541,2.8631,2.7211,2.7975,3534984.7
1713722400000,1713722400000,2.7975,2.8385,2.7566,2.7889,1417284.0
1713744000000,1713744000000,2.7889,2.9198,2.7717,2.9169,2186735.6
1713765600000,1713765600000,2.9169,2.9473,2.8253,2.8668,2362355.4
1713787200000,1713787200000,2.8668,2.9398,2.8463,2.9256,2408972.1
1713808800000,1713808800000,2.9256,3.0341,2.891,3.0167,2987849.3
1713830400000,1713830400000,3.0167,3.1237,3.0018,3.0843,3939364.9
1713852000000,1713852000000,3.0843,3.1346,2.9726,2.9989,4129270.4
1713873600000,1713873600000,2.9989,3.0823,2.9406,2.9499,3668650.2
1713895200000,1713895200000,2.9499,2.9548,2.8613,2.8874,1731727.2
1713916800000,1713916800000,2.8874,2.9435,2.846,2.871,3210177.0
1713938400000,1713938400000,2.871,2.9241,2.8436,2.8895,2376548.7
1713960000000,1713960000000,2.8895,2.8933,2.6968,2.74,5800959.4
1713981600000,1713981600000,2.74,2.7501,2.6805,2.7058,3153074.6
1714003200000,1714003200000,2.7058,2.8044,2.6854,2.7546,2714881.6
1714024800000,1714024800000,2.7546,2.7713,2.67,2.6996,1986590.5
1714046400000,1714046400000,2.6996,2.7546,2.6142,2.7264,3140496.1
1714068000000,1714068000000,2.7264,2.7465,2.6553,2.6617,1907123.6
1714089600000,1714089600000,2.6617,2.6747,2.5698,2.6662,3154895.5
1714111200000,1714111200000,2.6662,2.6677,2.6201,2.6513,1920486.0
1714132800000,1714132800000,2.6513,2.7372,2.6069,2.638,2882278.9
1714154400000,1714154400000,2.638,2.6677,2.5693,2.5799,981133.9
1714176000000,1714176000000,2.5799,2.604,2.4741,2.534,2667411.1
1714197600000,1714197600000,2.534,2.5454,2.4861,2.5189,1342961.5
1714219200000,1714219200000,2.5189,2.6017,2.506,2.5964,1110428.0
1714240800000,1714240800000,2.5964,2.607,2.5088,2.5469,938300.1
1714262400000,1714262400000,2.5469,2.6044,2.544,2.5627,1839350.1
1714284000000,1714284000000,2.5627,2.5909,2.5094,2.519,1313329.3
1714305600000,1714305600000,2.519,2.5671,2.516,2.5407,670572.3
1714327200000,1714327200000,2.5407,2.5523,2.4501,2.4722,1131886.2
1714348800000,1714348800000,2.4722,2.4989,2.4018,2.4449,2171209.5
1714370400000,1714370400000,2.4449,2.4478,2.3551,2.3707,2241162.3
1714392000000,1714392000000,2.3707,2.3984,2.324,2.3691,2372698.6
1714413600000,1714413600000,2.3691,2.4964,2.3373,2.4724,2055252.6
1714435200000,1714435200000,2.4724,2.5578,2.3876,2.4104,3422909.1
1714456800000,1714456800000,2.4104,2.4413,2.2764,2.286,3817712.9
1714478400000,1714478400000,2.286,2.3056,2.2193,2.2463,3617728.5
1714500000000,1714500000000,2.2463,2.2554,2.1039,2.1571,6228415.4
1714521600000,1714521600000,2.1571,2.1606,2.0078,2.0212,8665621.2
1714543200000,1714543200000,2.0212,2.0527,1.9026,2.045,13844155.1
1714564800000,1714564800000,2.045,2.0539,1.9669,2.0327,5530715.1
1714586400000,1714586400000,2.0327,2.2196,2.0324,2.1389,7938141.0
1714608000000,1714608000000,2.1389,2.1487,2.0263,2.0463,3196454.6
1714629600000,1714629600000,2.0463,2.1255,2.0389,2.1074,4552965.2
1714651200000,1714651200000,2.1074,2.1242,2.0417,2.0879,5425456.2
1714672800000,1714672800000,2.0879,2.1343,2.063,2.0832,2132403.6
1714694400000,1714694400000,2.0832,2.1532,2.0654,2.0896,2481502.9
1714716000000,1714716000000,2.0896,2.0987,2.04,2.0453,2062428.8
1714737600000,1714737600000,2.0453,2.2162,2.0421,2.1914,8135118.4
1714759200000,1714759200000,2.1914,2.4023,2.1761,2.3719,9401564.9
1714780800000,1714780800000,2.3719,2.4479,2.3432,2.4424,6651372.4
1714802400000,1714802400000,2.4424,2.4662,2.3955,2.4132,3708738.7
1714824000000,1714824000000,2.4132,2.4291,2.348,2.353,2671456.2
1714845600000,1714845600000,2.353,2.4044,2.3395,2.3548,2320174.2
1714867200000,1714867200000,2.3548,2.3722,2.266,2.2874,4438258.0
1714888800000,1714888800000,2.2874,2.3298,2.279,2.3201,2378420.9
1714910400000,1714910400000,2.3201,2.3737,2.2937,2.3142,2612050.0
1714932000000,1714932000000,2.3142,2.3283,2.2903,2.3059,2819292.1
1714953600000,1714953600000,2.3059,2.3363,2.2551,2.3236,4509239.9
1714975200000,1714975200000,2.3236,2.4141,2.2965,2.3223,5273382.3
1714996800000,1714996800000,2.3223,2.3318,2.1866,2.2081,4719396.8
1715018400000,1715018400000,2.2081,2.2366,2.1836,2.1996,1791002.8
1715040000000,1715040000000,2.1996,2.2486,2.165,2.198,2522834.8
1715061600000,1715061600000,2.198,2.2714,2.1845,2.2134,2750404.5
1715083200000,1715083200000,2.2134,2.286,2.1932,2.2424,2562059.9
1715104800000,1715104800000,2.2424,2.2426,2.1376,2.1407,1830007.6
1715126400000,1715126400000,2.1407,2.1692,2.1156,2.128,2279170.9
1715148000000,1715148000000,2.128,2.1331,2.0811,2.0981,2654895.4
1715169600000,1715169600000,2.0981,2.1489,2.0731,2.1188,2514998.3
1715191200000,1715191200000,2.1188,2.1431,2.0444,2.056,1932412.5
1715212800000,1715212800000,2.056,2.0917,2.0531,2.0735,1420760.2
1715234400000,1715234400000,2.0735,2.0908,2.0101,2.0381,1825094.2
1715256000000,1715256000000,2.0381,2.0784,1.9865,2.0344,4256593.8
1715277600000,1715277600000,2.0344,2.1337,2.031,2.0981,2918838.2
1715299200000,1715299200000,2.0981,2.1286,2.0625,2.0937,1660058.5
1715320800000,1715320800000,2.0937,2.1392,2.087,2.1248,2468061.8
1715342400000,1715342400000,2.1248,2.1435,1.9996,2.0209,5801611.8
1715364000000,1715364000000,2.0209,2.0465,2.0006,2.0049,2089010.7
1715385600000,1715385600000,2.0049,2.033,1.9877,2.0024,1167698.5
1715407200000,1715407200000,2.0024,2.0201,1.9644,1.9838,2313408.0
1715428800000,1715428800000,1.9838,2.0315,1.9768,2.0064,1957337.3
1715450400000,1715450400000,2.0064,2.0109,1.968,1.9763,1311405.3
1715472000000,1715472000000,1.9763,1.9922,1.9689,1.9849,710629.8
1715493600000,1715493600000,1.9849,2.0077,1.9568,1.996,933317.0
1715515200000,1715515200000,1.996,2.0463,1.9858,2.01,1802650.8
1715536800000,1715536800000,2.01,2.0127,1.9722,1.9853,615516.2
1715558400000,1715558400000,1.9853,2.0084,1.874,1.8818,3773175.0
1715580000000,1715580000000,1.8818,2.0735,1.8812,2.0444,4784252.1
1715601600000,1715601600000,2.0444,2.0977,2.0172,2.0301,6757576.7
1715623200000,1715623200000,2.0301,2.0552,2.0021,2.0171,1299723.1
1715644800000,1715644800000,2.0171,2.0358,1.9779,2.0227,3409468.0
1715666400000,1715666400000,2.0227,2.0244,1.9504,1.9885,3548652.6
1715688000000,1715688000000,1.9885,2.019,1.9147,1.9292,4796672.4
1715709600000,1715709600000,1.9292,1.9457,1.8835,1.8941,1754268.4
1715731200000,1715731200000,1.8941,1.9257,1.8662,1.8984,2045875.2
1715752800000,1715752800000,1.8984,1.9272,1.8647,1.8922,2626575.5
1715774400000,1715774400000,1.8922,2.1617,1.8878,2.0872,14675819.0
1715796000000,1715796000000,2.0872,2.2029,2.0835,2.1795,5376962.2
1715817600000,1715817600000,2.1795,2.1976,2.1234,2.1439,3212298.3
1715839200000,1715839200000,2.1439,2.2053,2.0156,2.1042,17794693.8
1715860800000,1715860800000,2.1042,2.1042,1.9513,1.9802,17466730.4
1715882400000,1715882400000,1.9802,1.9899,1.9634,1.9788,3186748.1
1715904000000,1715904000000,1.9788,2.0014,1.8964,1.9765,10565788.5
1715925600000,1715925600000,1.9765,2.0786,1.9649,2.051,6672031.5
1715947200000,1715947200000,2.051,2.1416,2.0161,2.1273,10713300.6
1715968800000,1715968800000,2.1273,2.1374,2.0813,2.0814,2917300.4
1715990400000,1715990400000,2.0814,2.1473,2.0789,2.1109,3165430.8
1716012000000,1716012000000,2.1109,2.137,2.103,2.1054,2475290.0
1716033600000,1716033600000,2.1054,2.1066,2.0557,2.0656,2893782.0
1716055200000,1716055200000,2.0656,2.0767,2.0427,2.0582,1683092.3
1716076800000,1716076800000,2.0582,2.0726,2.0371,2.0515,1571549.2
1716098400000,1716098400000,2.0515,2.0578,1.9952,2.0178,2067799.3
1716120000000,1716120000000,2.0178,2.0186,1.9523,1.9634,2961758.8
1716141600000,1716141600000,1.9634,1.973,1.9337,1.9523,1487210.8
1716163200000,1716163200000,1.9523,2.0231,1.913,2.0065,3003334.9
1716184800000,1716184800000,2.0065,2.0284,1.9479,2.018,2458405.6
1716206400000,1716206400000,2.018,2.076,1.9841,2.0503,3453345.1
1716228000000,1716228000000,2.0503,2.142,2.0368,2.1389,5781400.7
1716249600000,1716249600000,2.1389,2.1883,2.0988,2.1713,5570653.9
1716271200000,1716271200000,2.1713,2.28,2.1665,2.235,5337549.6
1716292800000,1716292800000,2.235,2.2537,2.1473,2.1944,7269596.0
1716314400000,1716314400000,2.1944,2.2022,2.1528,2.1731,3307263.8
1716336000000,1716336000000,2.1731,2.1775,2.0871,2.1277,2781914.8
1716357600000,1716357600000,2.1277,2.1376,2.0671,2.0691,2328571.4
1716379200000,1716379200000,2.0691,2.101,2.0355,2.0701,3640349.9
1716400800000,1716400800000,2.0701,2.0846,2.0396,2.0643,1770492.8
1716422400000,1716422400000,2.0643,2.0948,2.0601,2.0717,1680798.0
1716444000000,1716444000000,2.0717,2.0861,2.0339,2.0734,1849392.3
1716465600000,1716465600000,2.0734,2.1022,1.9692,1.9775,9310145.2
1716487200000,1716487200000,1.9775,2.0283,1.9241,2.0064,6332699.1
1716508800000,1716508800000,2.0064,2.0295,1.9666,1.9724,2345774.5
1716530400000,1716530400000,1.9724,1.98,1.886,1.9403,3737216.5
1716552000000,1716552000000,1.9403,1.9862,1.9235,1.9854,2488682.3
1716573600000,1716573600000,1.9854,2.0109,1.9596,1.9765,2610150.3
1716595200000,1716595200000,1.9765,1.9993,1.9708,1.9813,1696632.0
1716616800000,1716616800000,1.9813,2.014,1.9668,1.9887,1448350.8
1716638400000,1716638400000,1.9887,2.0085,1.9653,1.9915,1732989.3
1716660000000,1716660000000,1.9915,1.999,1.9755,1.9966,725501.8
1716681600000,1716681600000,1.9966,2.0366,1.9838,1.9979,1942425.4
1716703200000,1716703200000,1.9979,2.0124,1.9758,1.997,1562045.6
1716724800000,1716724800000,1.997,2.0059,1.9671,1.9754,1855646.0
1716746400000,1716746400000,1.9754,1.9948,1.9501,1.9743,1104911.9
1716768000000,1716768000000,1.9743,2.0189,1.9713,1.9808,2475347.0
1716789600000,1716789600000,1.9808,1.9962,1.9698,1.9864,994754.5
1716811200000,1716811200000,1.9864,2.1472,1.9807,2.1182,5133843.8
1716832800000,1716832800000,2.1182,2.15,2.0639,2.0786,2780057.3
1716854400000,1716854400000,2.0786,2.0988,1.9613,1.9898,5922799.8
1716876000000,1716876000000,1.9898,2.0296,1.959,1.9968,3210191.4
1716897600000,1716897600000,1.9968,2.0049,1.9563,1.9744,3028642.6
1716919200000,1716919200000,1.9744,2.001,1.9564,1.9848,1692677.2
1716940800000,1716940800000,1.9848,2.0155,1.9713,2.0022,1783711.9
1716962400000,1716962400000,2.0022,2.015,1.9532,1.9727,2307940.9
1716984000000,1716984000000,1.9727,1.9875,1.9291,1.9639,2253068.5
1717005600000,1717005600000,1.9639,1.9641,1.9302,1.9367,892216.3
1717027200000,1717027200000,1.9367,1.9679,1.9316,1.9452,953709.8
1717048800000,1717048800000,1.9452,1.9464,1.8772,1.9214,3215550.4
1717070400000,1717070400000,1.9214,2.0151,1.9176,2.001,4263035.0
1717092000000,1717092000000,2.001,2.004,1.9132,1.9144,1927258.7
1717113600000,1717113600000,1.9144,1.9263,1.8924,1.9168,1679137.4
1717135200000,1717135200000,1.9168,1.9272,1.8901,1.9148,1594885.8
1717156800000,1717156800000,1.9148,1.9625,1.7936,1.8276,7930048.7
1717178400000,1717178400000,1.8276,1.8453,1.8106,1.8303,1974892.4
1717200000000,1717200000000,1.8303,1.8342,1.8103,1.8196,1265467.7
1717221600000,1717221600000,1.8196,1.8257,1.8069,1.8148,1340250.7
1717243200000,1717243200000,1.8148,1.85,1.8132,1.8477,1427843.8
1717264800000,1717264800000,1.8477,1.8499,1.831,1.8388,751455.0
1717286400000,1717286400000,1.8388,1.8665,1.8367,1.845,1211090.8
1717308000000,1717308000000,1.845,1.8753,1.8324,1.8695,1485798.4
1717329600000,1717329600000,1.8695,1.8933,1.8278,1.8307,1956521.1
1717351200000,1717351200000,1.8307,1.8487,1.8092,1.8245,1671656.6
1717372800000,1717372800000,1.8245,1.8811,1.8127,1.8747,2613658.0
1717394400000,1717394400000,1.8747,1.9112,1.8713,1.9004,2510670.5
1717416000000,1717416000000,1.9004,1.9699,1.8912,1.911,4820619.4
1717437600000,1717437600000,1.911,1.928,1.8843,1.8913,1474415.6
1717459200000,1717459200000,1.8913,2.0055,1.8849,1.9716,3649695.4
1717480800000,1717480800000,1.9716,2.0101,1.93,1.9685,4849038.1
1717502400000,1717502400000,1.9685,2.1305,1.9629,2.0933,10637701.3
1717524000000,1717524000000,2.0933,2.1631,2.0933,2.1558,4926952.6
1717545600000,1717545600000,2.1558,2.2728,2.1213,2.2502,11138361.4
1717567200000,1717567200000,2.2502,2.2718,2.1944,2.2165,5573601.2
1717588800000,1717588800000,2.2165,2.4364,2.203,2.4208,13847426.7
1717610400000,1717610400000,2.4208,2.4419,2.3622,2.4117,6216952.4
1717632000000,1717632000000,2.4117,2.4579,2.3579,2.3878,7549060.4
1717653600000,1717653600000,2.3878,2.4011,2.3518,2.3781,4099138.9
1717675200000,1717675200000,2.3781,2.4141,2.2508,2.3388,11785491.4
1717696800000,1717696800000,2.3388,2.3453,2.2699,2.3051,3715728.9
1717718400000,1717718400000,2.3051,2.3931,2.3051,2.3803,6861597.0
1717740000000,1717740000000,2.3803,2.5024,2.3618,2.4993,8638400.0
1717761600000,1717761600000,2.4993,2.5133,2.2737,2.2737,16511013.0
1717783200000,1717783200000,2.2737,2.2825,2.04,2.1626,20766029.0
1717804800000,1717804800000,2.1626,2.3569,2.1406,2.3413,10717439.5
1717826400000,1717826400000,2.3413,2.3631,2.256,2.2641,8558903.3
1717848000000,1717848000000,2.2641,2.3131,2.2042,2.2553,9676828.3
1717869600000,1717869600000,2.2553,2.2553,2.1793,2.2456,4606576.2
1717891200000,1717891200000,2.2456,2.2756,2.1801,2.2396,5784905.2
1717912800000,1717912800000,2.2396,2.2824,2.2108,2.2332,4072490.8
1717934400000,1717934400000,2.2332,2.3333,2.2214,2.24,6850868.1
1717956000000,1717956000000,2.24,2.2722,2.211,2.2675,2086473.3
1717977600000,1717977600000,2.2675,2.3096,2.2212,2.227,3743725.0
1717999200000,1717999200000,2.227,2.2272,2.1414,2.212,5436971.0
1718020800000,1718020800000,2.212,2.3092,2.1776,2.2365,5981439.2
1718042400000,1718042400000,2.2365,2.2503,2.1536,2.2219,5448637.3
1718064000000,1718064000000,2.2219,2.242,2.0861,2.1045,9832636.7
1718085600000,1718085600000,2.1045,2.1617,2.05,2.1412,6676462.9
1718107200000,1718107200000,2.1412,2.1744,2.0841,2.1332,8628284.6
1718128800000,1718128800000,2.1332,2.2172,2.1288,2.186,3977021.3
1718150400000,1718150400000,2.186,2.2148,2.1184,2.1566,4925395.8
1718172000000,1718172000000,2.1566,2.2352,2.1422,2.1803,4247654.0
1718193600000,1718193600000,2.1803,2.467,2.1759,2.458,16976806.5
1718215200000,1718215200000,2.458,2.458,2.2999,2.3842,12142788.8
1718236800000,1718236800000,2.3842,2.4042,2.2812,2.3273,5977159.0
1718258400000,1718258400000,2.3273,2.3528,2.2775,2.3285,5622892.4
1718280000000,1718280000000,2.3285,2.368,2.1474,2.1751,15278137.1
1718301600000,1718301600000,2.1751,2.1751,2.0484,2.0657,7811750.1
1718323200000,1718323200000,2.0657,2.1062,2.0229,2.0966,7012645.7
1718344800000,1718344800000,2.0966,2.1005,2.0462,2.0563,4158176.0
1718366400000,1718366400000,2.0563,2.0724,1.8635,1.9137,17932668.1
1718388000000,1718388000000,1.9137,1.9314,1.8819,1.9239,5923992.5
1718409600000,1718409600000,1.9239,1.9303,1.8691,1.887,5308777.6
1718431200000,1718431200000,1.887,1.9083,1.8709,1.9048,3666401.1
1718452800000,1718452800000,1.9048,1.969,1.8973,1.9463,5276566.7
1718474400000,1718474400000,1.9463,1.9538,1.905,1.9424,2950896.1
1718496000000,1718496000000,1.9424,1.9761,1.893,1.9371,6543809.1
1718517600000,1718517600000,1.9371,1.9631,1.9076,1.925,4266797.3
1718539200000,1718539200000,1.925,1.9481,1.9059,1.9175,3405690.9
1718560800000,1718560800000,1.9175,1.9357,1.8927,1.9017,2536145.9
1718582400000,1718582400000,1.9017,1.9162,1.8296,1.8396,5784809.4
1718604000000,1718604000000,1.8396,1.8479,1.7425,1.7759,9693456.7
1718625600000,1718625600000,1.7759,1.7804,1.6829,1.774,8606408.0
1718647200000,1718647200000,1.774,1.8082,1.7412,1.7508,6051869.0
1718668800000,1718668800000,1.7508,1.7586,1.4815,1.6183,26027293.7
1718690400000,1718690400000,1.6183,1.6354,1.5803,1.5996,6438774.1
1718712000000,1718712000000,1.5996,1.6284,1.5445,1.5884,11320840.3
1718733600000,1718733600000,1.5884,1.6274,1.569,1.6102,5067834.4
1718755200000,1718755200000,1.6102,1.7226,1.588,1.693,10761288.2
1718776800000,1718776800000,1.693,1.7192,1.6562,1.6676,7671220.3
1718798400000,1718798400000,1.6676,1.6938,1.6431,1.6669,5151605.9
1718820000000,1718820000000,1.6669,1.6743,1.6194,1.6325,4287845.1
1718841600000,1718841600000,1.6325,1.705,1.6178,1.6981,5326222.6
1718863200000,1718863200000,1.6981,1.7476,1.6762,1.7171,6914626.2
1718884800000,1718884800000,1.7171,1.727,1.6167,1.6512,8661004.6
1718906400000,1718906400000,1.6512,1.6708,1.6401,1.6423,2265813.8
1718928000000,1718928000000,1.6423,1.6877,1.62,1.6512,4997764.4
1718949600000,1718949600000,1.6512,1.661,1.5974,1.6353,5509597.2
1718971200000,1718971200000,1.6353,1.6639,1.5894,1.5926,5443290.4
1718992800000,1718992800000,1.5926,1.6291,1.5865,1.6045,2250136.4
1719014400000,1719014400000,1.6045,1.6515,1.5674,1.6386,5666110.2
1719036000000,1719036000000,1.6386,1.6683,1.6309,1.6542,5379866.3
1719057600000,1719057600000,1.6542,1.6623,1.6448,1.6502,3229698.8
1719079200000,1719079200000,1.6502,1.6647,1.6411,1.6545,1227079.9
1719100800000,1719100800000,1.6545,1.6837,1.6459,1.6504,3197890.9
1719122400000,1719122400000,1.6504,1.6686,1.6358,1.6454,1568587.7
1719144000000,1719144000000,1.6454,1.6546,1.5989,1.617,2703279.8
1719165600000,1719165600000,1.617,1.6232,1.5846,1.592,2735653.3
1719187200000,1719187200000,1.592,1.6114,1.5076,1.5113,6198126.7
1719208800000,1719208800000,1.5113,1.5586,1.459,1.5397,8604285.8
1719230400000,1719230400000,1.5397,1.5853,1.5228,1.5403,5469634.3
1719252000000,1719252000000,1.5403,1.6011,1.4954,1.5903,6273431.8
1719273600000,1719273600000,1.5903,1.635,1.5776,1.602,3810666.7
1719295200000,1719295200000,1.602,1.7321,1.5813,1.7108,10463106.8
1719316800000,1719316800000,1.7108,1.757,1.693,1.7296,11992044.3
1719338400000,1719338400000,1.7296,1.7967,1.7214,1.7934,5352682.1
1719360000000,1719360000000,1.7934,1.8185,1.7125,1.7162,9414234.0
1719381600000,1719381600000,1.7162,1.7452,1.7061,1.7304,7822382.7
1719403200000,1719403200000,1.7304,1.7582,1.6734,1.7181,10144490.8
1719424800000,1719424800000,1.7181,1.7257,1.6819,1.6898,4616106.6
1719446400000,1719446400000,1.6898,1.7153,1.6635,1.6666,4878808.3
1719468000000,1719468000000,1.6666,1.7741,1.6639,1.7396,8876680.3
1719489600000,1719489600000,1.7396,1.7674,1.7169,1.7315,8159702.8
1719511200000,1719511200000,1.7315,1.7353,1.7021,1.7073,1815455.0
1719532800000,1719532800000,1.7073,1.7595,1.6951,1.723,6051602.4
1719554400000,1719554400000,1.723,1.751,1.7186,1.7371,2321515.5
1719576000000,1719576000000,1.7371,1.7569,1.6792,1.6916,5252722.1
1719597600000,1719597600000,1.6916,1.6969,1.6709,1.6773,2091368.6
1719619200000,1719619200000,1.6773,1.6986,1.6518,1.6643,2322928.4
1719640800000,1719640800000,1.6643,1.6802,1.6582,1.6715,1603994.0
1719662400000,1719662400000,1.6715,1.6776,1.6552,1.6621,1265312.1
1719684000000,1719684000000,1.6621,1.6626,1.6246,1.6311,1800698.2
1719705600000,1719705600000,1.6311,1.6468,1.6079,1.6153,2105934.0
1719727200000,1719727200000,1.6153,1.6739,1.6134,1.6461,2516910.2
1719748800000,1719748800000,1.6461,1.6784,1.6334,1.6699,2091129.9
1719770400000,1719770400000,1.6699,1.7325,1.6618,1.7216,2485252.6
1719792000000,1719792000000,1.7216,1.7752,1.7136,1.7393,3926868.2
1719813600000,1719813600000,1.7393,1.7417,1.6992,1.7038,2398783.7
1719835200000,1719835200000,1.7038,1.7358,1.698,1.7335,3277437.9
1719856800000,1719856800000,1.7335,1.7541,1.7022,1.713,2476348.2
1719878400000,1719878400000,1.713,1.7287,1.7028,1.7173,1569393.6
1719900000000,1719900000000,1.7173,1.7222,1.6765,1.6903,2413072.4
1719921600000,1719921600000,1.6903,1.7174,1.6561,1.6686,2715419.9
1719943200000,1719943200000,1.6686,1.6932,1.6685,1.6777,1501774.1
1719964800000,1719964800000,1.6777,1.6898,1.5894,1.6155,5258607.1
1719986400000,1719986400000,1.6155,1.6181,1.5703,1.5996,4286178.9
1720008000000,1720008000000,1.5996,1.6076,1.5651,1.5736,2592351.5
1720029600000,1720029600000,1.5736,1.5779,1.5454,1.5647,2262921.8
1720051200000,1720051200000,1.5647,1.5772,1.4629,1.5027,7122609.8
1720072800000,1720072800000,1.5027,1.5038,1.4511,1.4617,5833487.9
1720094400000,1720094400000,1.4617,1.479,1.4213,1.4407,7441098.8
1720116000000,1720116000000,1.4407,1.4669,1.3734,1.3898,4259730.0
1720137600000,1720137600000,1.3898,1.403,1.2468,1.3313,30898162.9
1720159200000,1720159200000,1.3313,1.3805,1.2707,1.3753,8349330.6
1720180800000,1720180800000,1.3753,1.4317,1.3411,1.407,8877710.2
1720202400000,1720202400000,1.407,1.4102,1.3836,1.3982,4189872.4
1720224000000,1720224000000,1.3982,1.424,1.3671,1.3827,6804096.5
1720245600000,1720245600000,1.3827,1.4243,1.3824,1.416,2115388.2
1720267200000,1720267200000,1.416,1.4874,1.4021,1.4775,3519697.5
1720288800000,1720288800000,1.4775,1.4906,1.47,1.4796,1706304.9
1720310400000,1720310400000,1.4796,1.48,1.4099,1.4267,3340216.1
1720332000000,1720332000000,1.4267,1.4325,1.3956,1.4109,2906032.3
1720353600000,1720353600000,1.4109,1.4222,1.3565,1.396,4549893.7
1720375200000,1720375200000,1.396,1.4047,1.3105,1.3181,2649390.7
1720396800000,1720396800000,1.3181,1.3321,1.2529,1.3187,6983051.8
1720418400000,1720418400000,1.3187,1.4184,1.3111,1.396,6020988.6
1720440000000,1720440000000,1.396,1.4054,1.3145,1.3505,7460295.5
1720461600000,1720461600000,1.3505,1.3612,1.3324,1.3505,2287515.2
1720483200000,1720483200000,1.3505,1.3854,1.332,1.3822,3047346.5
1720504800000,1720504800000,1.3822,1.4012,1.3696,1.3795,3119539.1
1720526400000,1720526400000,1.3795,1.4022,1.3484,1.3529,3892030.3
1720548000000,1720548000000,1.3529,1.3884,1.3473,1.3875,1797922.1
1720569600000,1720569600000,1.3875,1.4725,1.3625,1.454,6624286.2
1720591200000,1720591200000,1.454,1.5187,1.4401,1.4872,8657812.2
1720612800000,1720612800000,1.4872,1.5577,1.4521,1.5228,12546923.4
1720634400000,1720634400000,1.5228,1.532,1.5009,1.5129,4167805.4
1720656000000,1720656000000,1.5129,1.5887,1.5005,1.547,10618508.9
1720677600000,1720677600000,1.547,1.6844,1.5467,1.6746,17245896.4
1720699200000,1720699200000,1.6746,1.7013,1.596,1.6169,16829754.2
1720720800000,1720720800000,1.6169,1.6339,1.5903,1.6122,4785500.9
1720742400000,1720742400000,1.6122,1.6282,1.5516,1.5692,7423019.1
1720764000000,1720764000000,1.5692,1.5909,1.536,1.5551,5637563.4
1720785600000,1720785600000,1.5551,1.7218,1.5516,1.6943,22930319.6
1720807200000,1720807200000,1.6943,1.707,1.6229,1.6698,4804912.4
1720828800000,1720828800000,1.6698,1.6979,1.6308,1.689,5058469.8
1720850400000,1720850400000,1.689,1.694,1.6541,1.6631,4541914.9
1720872000000,1720872000000,1.6631,1.6931,1.6629,1.6833,4612970.8
1720893600000,1720893600000,1.6833,1.7342,1.6681,1.6899,4110098.7
1720915200000,1720915200000,1.6899,1.7072,1.6466,1.7024,6807459.0
1720936800000,1720936800000,1.7024,1.7083,1.6657,1.6774,2410103.0
1720958400000,1720958400000,1.6774,1.6803,1.6511,1.6796,2321122.4
1720980000000,1720980000000,1.6796,1.7382,1.6793,1.7293,2995885.1
1721001600000,1721001600000,1.7293,1.8965,1.7167,1.8831,12131210.3
1721023200000,1721023200000,1.8831,1.9066,1.8604,1.8635,5733499.9
1721044800000,1721044800000,1.8635,1.894,1.855,1.8721,5662117.9
1721066400000,1721066400000,1.8721,1.923,1.8513,1.9145,4954580.5
1721088000000,1721088000000,1.9145,1.9262,1.814,1.8299,7120207.4
1721109600000,1721109600000,1.8299,1.8492,1.779,1.8361,8531092.0
1721131200000,1721131200000,1.8361,1.9163,1.8109,1.8966,6518949.6
1721152800000,1721152800000,1.8966,1.9396,1.868,1.9063,6150861.1
1721174400000,1721174400000,1.9063,2.0092,1.9049,1.9516,7637866.8
1721196000000,1721196000000,1.9516,1.9589,1.8916,1.9258,5313919.6
1721217600000,1721217600000,1.9258,1.9489,1.8573,1.8733,5646315.8
1721239200000,1721239200000,1.8733,1.9097,1.8706,1.8747,1994960.4
1721260800000,1721260800000,1.8747,1.9311,1.8714,1.8988,2280265.6
1721282400000,1721282400000,1.8988,1.9185,1.8511,1.8864,3522003.3
1721304000000,1721304000000,1.8864,1.8953,1.7893,1.8232,4977056.7
1721325600000,1721325600000,1.8232,1.856,1.7985,1.841,1807499.9
1721347200000,1721347200000,1.841,1.8503,1.775,1.8151,3091374.1
1721368800000,1721368800000,1.8151,1.8431,1.7737,1.8188,3547663.5
1721390400000,1721390400000,1.8188,1.9436,1.8074,1.9339,6210926.0
1721412000000,1721412000000,1.9339,1.9595,1.9021,1.9075,2593914.7
1721433600000,1721433600000,1.9075,1.918,1.8789,1.9077,2319994.6
1721455200000,1721455200000,1.9077,1.9295,1.9049,1.9072,1928815.9
1721476800000,1721476800000,1.9072,1.9332,1.8812,1.9303,2393541.1
1721498400000,1721498400000,1.9303,1.9317,1.9037,1.9083,1544872.3
1721520000000,1721520000000,1.9083,1.9321,1.8862,1.8963,2179099.0
1721541600000,1721541600000,1.8963,1.9166,1.8631,1.9047,1876562.7
1721563200000,1721563200000,1.9047,1.9565,1.8862,1.9107,3060018.3
1721584800000,1721584800000,1.9107,1.9862,1.8526,1.9522,4803614.5
1721606400000,1721606400000,1.9522,1.9716,1.8894,1.894,2463717.0
1721628000000,1721628000000,1.894,1.894,1.8523,1.8875,3613884.0
1721649600000,1721649600000,1.8875,1.9046,1.8429,1.8689,3929084.4
1721671200000,1721671200000,1.8689,1.8847,1.8313,1.8356,3110718.9
1721692800000,1721692800000,1.8356,1.8628,1.7796,1.7908,3359911.3
1721714400000,1721714400000,1.7908,1.8195,1.7727,1.7834,2892305.9
1721736000000,1721736000000,1.7834,1.8139,1.7197,1.7683,6931264.6
1721757600000,1721757600000,1.7683,1.7932,1.7418,1.7502,2758675.7
1721779200000,1721779200000,1.7502,1.7753,1.7239,1.7651,2603926.1
1721800800000,1721800800000,1.7651,1.8237,1.7619,1.804,3591633.5
1721822400000,1721822400000,1.804,1.8275,1.7716,1.8012,2952097.8
1721844000000,1721844000000,1.8012,1.8025,1.7262,1.74,2758018.2
1721865600000,1721865600000,1.74,1.7527,1.657,1.6838,7136599.6
1721887200000,1721887200000,1.6838,1.7132,1.6776,1.6784,3238669.0
1721908800000,1721908800000,1.6784,1.7823,1.6563,1.7801,5528694.0
1721930400000,1721930400000,1.7801,1.8186,1.7052,1.8013,5078381.9
1721952000000,1721952000000,1.8013,1.8649,1.796,1.8431,4657964.1
1721973600000,1721973600000,1.8431,1.8827,1.8401,1.854,2637615.7
1721995200000,1721995200000,1.854,1.8756,1.8302,1.8501,3102035.1
1722016800000,1722016800000,1.8501,1.8628,1.8342,1.854,1712879.7
1722038400000,1722038400000,1.854,1.8959,1.8321,1.8481,3694313.0
1722060000000,1722060000000,1.8481,1.88,1.8475,1.8712,2324525.9
1722081600000,1722081600000,1.8712,1.9518,1.8627,1.9045,12229146.2
1722103200000,1722103200000,1.9045,2.0462,1.8462,1.942,21305802.4
1722124800000,1722124800000,1.942,1.9522,1.8615,1.8795,7653890.5
1722146400000,1722146400000,1.8795,1.9162,1.868,1.9044,2987343.5
1722168000000,1722168000000,1.9044,1.9124,1.872,1.893,2748623.5
1722189600000,1722189600000,1.893,1.9035,1.8668,1.8869,1922541.3
1722211200000,1722211200000,1.8869,1.9479,1.8807,1.9359,5780207.4
1722232800000,1722232800000,1.9359,1.9685,1.9271,1.9462,4672136.8
1722254400000,1722254400000,1.9462,1.9575,1.8227,1.8375,8804414.0
1722276000000,1722276000000,1.8375,1.8607,1.8287,1.8335,2324314.2
1722297600000,1722297600000,1.8335,1.8659,1.8178,1.84,2775952.8
1722319200000,1722319200000,1.84,1.86,1.7811,1.7877,4057510.8
1722340800000,1722340800000,1.7877,1.8235,1.7677,1.7915,4577040.8
1722362400000,1722362400000,1.7915,1.7948,1.7615,1.7831,2899191.6
1722384000000,1722384000000,1.7831,1.833,1.7672,1.8198,3761591.3
1722405600000,1722405600000,1.8198,1.842,1.782,1.7958,2940234.5
1722427200000,1722427200000,1.7958,1.8333,1.7817,1.7905,2230258.2
1722448800000,1722448800000,1.7905,1.8139,1.7271,1.7281,4270344.1
1722470400000,1722470400000,1.7281,1.7412,1.6641,1.6985,5292619.2
1722492000000,1722492000000,1.6985,1.7164,1.6819,1.7128,2416770.7
1722513600000,1722513600000,1.7128,1.7259,1.6084,1.6443,6905571.6
1722535200000,1722535200000,1.6443,1.747,1.602,1.7183,5179374.2
1722556800000,1722556800000,1.7183,1.7376,1.659,1.6626,2594643.1
1722578400000,1722578400000,1.6626,1.6958,1.6293,1.6802,2771695.0
1722600000000,1722600000000,1.6802,1.7036,1.5589,1.5791,7059983.6
1722621600000,1722621600000,1.5791,1.5906,1.5349,1.5631,4402642.2
1722643200000,1722643200000,1.5631,1.5735,1.4969,1.5552,5693888.9
1722664800000,1722664800000,1.5552,1.568,1.5325,1.5403,2583791.5
1722686400000,1722686400000,1.5403,1.562,1.4514,1.4574,4803987.6
1722708000000,1722708000000,1.4574,1.5077,1.43,1.4927,5594437.1
1722729600000,1722729600000,1.4927,1.508,1.4684,1.4847,1893529.1
1722751200000,1722751200000,1.4847,1.495,1.45,1.4618,2173105.8
1722772800000,1722772800000,1.4618,1.4769,1.289,1.3373,9078012.1
1722794400000,1722794400000,1.3373,1.4189,1.3291,1.36,5344239.3
1722816000000,1722816000000,1.36,1.3731,1.1623,1.198,34351246.2
1722837600000,1722837600000,1.198,1.24,1.0556,1.1001,26872676.7
1722859200000,1722859200000,1.1001,1.2755,1.0547,1.2508,22780232.4
1722880800000,1722880800000,1.2508,1.2567,1.1988,1.225,6005832.0
1722902400000,1722902400000,1.225,1.3508,1.2219,1.3382,7906997.9
1722924000000,1722924000000,1.3382,1.3447,1.2733,1.282,5826928.6
1722945600000,1722945600000,1.282,1.3481,1.2481,1.3268,7720465.0
1722967200000,1722967200000,1.3268,1.3492,1.3079,1.3178,3888521.9
1722988800000,1722988800000,1.3178,1.4134,1.3043,1.3909,7802710.7
1723010400000,1723010400000,1.3909,1.4254,1.3744,1.3814,3941484.2
1723032000000,1723032000000,1.3814,1.4142,1.3208,1.3375,6877013.1
1723053600000,1723053600000,1.3375,1.3532,1.3005,1.3086,5342559.1
1723075200000,1723075200000,1.3086,1.3979,1.2844,1.364,5854973.5
1723096800000,1723096800000,1.364,1.3814,1.3577,1.3706,1875285.4
1723118400000,1723118400000,1.3706,1.4514,1.3609,1.4343,8017731.0
1723140000000,1723140000000,1.4343,1.5312,1.4321,1.5215,4553746.9
1723161600000,1723161600000,1.5215,1.573,1.5003,1.5191,7792559.7
1723183200000,1723183200000,1.5191,1.5221,1.4655,1.4722,3003764.8
1723204800000,1723204800000,1.4722,1.5029,1.4391,1.4581,5499181.4
1723226400000,1723226400000,1.4581,1.4971,1.4569,1.4901,2370602.1
1723248000000,1723248000000,1.4901,1.5141,1.4665,1.475,2656217.2
1723269600000,1723269600000,1.475,1.501,1.4714,1.4934,2055900.5
1723291200000,1723291200000,1.4934,1.4942,1.4706,1.4922,1711036.5
1723312800000,1723312800000,1.4922,1.5117,1.486,1.493,1702620.9
1723334400000,1723334400000,1.493,1.5154,1.4888,1.5002,1684567.8
1723356000000,1723356000000,1.5002,1.5221,1.4512,1.4628,2901618.8
1723377600000,1723377600000,1.4628,1.4679,1.4158,1.4217,2413450.0
1723399200000,1723399200000,1.4217,1.4247,1.3656,1.3759,2888503.6
1723420800000,1723420800000,1.3759,1.4079,1.3748,1.3909,1999583.7
1723442400000,1723442400000,1.3909,1.4642,1.3526,1.4582,5451737.5
1723464000000,1723464000000,1.4582,1.4646,1.366,1.4089,8474589.9
1723485600000,1723485600000,1.4089,1.4345,1.3839,1.4241,3479951.0
1723507200000,1723507200000,1.4241,1.4367,1.3952,1.4161,2586941.5
1723528800000,1723528800000,1.4161,1.4316,1.4002,1.414,1970172.1
1723550400000,1723550400000,1.414,1.5938,1.4117,1.5785,11747839.3
1723572000000,1723572000000,1.5785,1.58,1.5211,1.5255,6278459.7
1723593600000,1723593600000,1.5255,1.5376,1.504,1.5182,3707284.0
1723615200000,1723615200000,1.5182,1.5487,1.5113,1.5386,3492474.5
1723636800000,1723636800000,1.5386,1.5655,1.471,1.4798,8357204.1
1723658400000,1723658400000,1.4798,1.4839,1.4416,1.4444,2353241.2
1723680000000,1723680000000,1.4444,1.4566,1.4274,1.439,4020530.7
1723701600000,1723701600000,1.439,1.4446,1.418,1.4358,2554741.4
1723723200000,1723723200000,1.4358,1.5168,1.4231,1.4257,7790226.9
1723744800000,1723744800000,1.4257,1.4473,1.3887,1.4267,7150270.8
1723766400000,1723766400000,1.4267,1.4655,1.4228,1.4522,3451745.4
1723788000000,1723788000000,1.4522,1.4767,1.4452,1.4518,2033427.0
1723809600000,1723809600000,1.4518,1.4724,1.385,1.45,6881831.8
1723831200000,1723831200000,1.45,1.4752,1.4413,1.4553,3014709.6
1723852800000,1723852800000,1.4553,1.4759,1.4411,1.4666,2358010.8
1723874400000,1723874400000,1.4666,1.4967,1.4588,1.4688,3077415.6
1723896000000,1723896000000,1.4688,1.4819,1.458,1.4605,1884840.2
1723917600000,1723917600000,1.4605,1.4729,1.4557,1.4686,1597663.6
1723939200000,1723939200000,1.4686,1.4882,1.4534,1.4554,2078101.4
1723960800000,1723960800000,1.4554,1.477,1.4458,1.468,2475411.5
1723982400000,1723982400000,1.468,1.484,1.4405,1.4409,2943273.2
1724004000000,1724004000000,1.4409,1.4546,1.4166,1.4188,2546329.7
1724025600000,1724025600000,1.4188,1.4294,1.401,1.409,2401199.4
1724047200000,1724047200000,1.409,1.4243,1.3939,1.4116,2385452.6
1724068800000,1724068800000,1.4116,1.4658,1.3985,1.4522,3518867.5
1724090400000,1724090400000,1.4522,1.482,1.4441,1.4728,4377222.8
1724112000000,1724112000000,1.4728,1.5336,1.4669,1.5224,6232977.6
1724133600000,1724133600000,1.5224,1.5256,1.5033,1.5111,2171097.5
1724155200000,1724155200000,1.5111,1.5297,1.4576,1.4914,6309601.8
1724176800000,1724176800000,1.4914,1.5085,1.4822,1.4833,1528545.0
1724198400000,1724198400000,1.4833,1.4892,1.4611,1.4803,1885448.3
1724220000000,1724220000000,1.4803,1.4964,1.4656,1.4746,2484277.2
1724241600000,1724241600000,1.4746,1.5299,1.4438,1.529,6465462.9
1724263200000,1724263200000,1.529,1.6184,1.5243,1.6118,5493938.1
1724284800000,1724284800000,1.6118,1.615,1.572,1.6051,3556251.1
1724306400000,1724306400000,1.6051,1.6367,1.5931,1.63,2869189.6
1724328000000,1724328000000,1.63,1.645,1.6084,1.6214,3887302.3
1724349600000,1724349600000,1.6214,1.6508,1.6183,1.6312,2244084.9
1724371200000,1724371200000,1.6312,1.6589,1.6306,1.6492,2653224.7
1724392800000,1724392800000,1.6492,1.679,1.639,1.659,2761226.4
1724414400000,1724414400000,1.659,1.79,1.6589,1.7852,9408868.5
1724436000000,1724436000000,1.7852,1.8386,1.7693,1.7849,8029952.1
1724457600000,1724457600000,1.7849,1.8217,1.7654,1.8174,4013822.1
1724479200000,1724479200000,1.8174,1.8457,1.8022,1.8236,2710267.4
1724500800000,1724500800000,1.8236,1.8542,1.8158,1.8277,3428560.4
1724522400000,1724522400000,1.8277,1.86,1.7961,1.8221,3733734.8
1724544000000,1724544000000,1.8221,1.8481,1.7776,1.8089,3679737.0
1724565600000,1724565600000,1.8089,1.8106,1.7452,1.7881,2559773.9
1724587200000,1724587200000,1.7881,1.8308,1.782,1.8048,2456445.9
1724608800000,1724608800000,1.8048,1.8612,1.8028,1.8333,3945727.2
1724630400000,1724630400000,1.8333,1.8416,1.7812,1.7968,3859754.2
1724652000000,1724652000000,1.7968,1.8291,1.7713,1.8083,3656251.4
1724673600000,1724673600000,1.8083,1.8122,1.7533,1.7741,5399761.9
1724695200000,1724695200000,1.7741,1.7984,1.7513,1.7582,3144888.3
1724716800000,1724716800000,1.7582,1.8085,1.7579,1.8074,2201901.7
1724738400000,1724738400000,1.8074,1.8116,1.7077,1.7294,4483266.5
1724760000000,1724760000000,1.7294,1.8284,1.7077,1.7887,7402847.4
1724781600000,1724781600000,1.7887,1.8095,1.6548,1.7406,6952506.6
1724803200000,1724803200000,1.7406,1.7699,1.6943,1.724,5397857.3
1724824800000,1724824800000,1.724,1.77,1.6311,1.7456,9181241.2
1724846400000,1724846400000,1.7456,1.7498,1.5459,1.5868,13638251.1
1724868000000,1724868000000,1.5868,1.6474,1.5789,1.6137,4279215.6
1724889600000,1724889600000,1.6137,1.6269,1.5814,1.6217,2940596.3
1724911200000,1724911200000,1.6217,1.6464,1.5991,1.6236,2796434.3
1724932800000,1724932800000,1.6236,1.6689,1.6193,1.6313,4273833.3
1724954400000,1724954400000,1.6313,1.6313,1.5601,1.5781,3484988.6
1724976000000,1724976000000,1.5781,1.5921,1.5435,1.5571,2991997.9
1724997600000,1724997600000,1.5571,1.6029,1.5529,1.5895,2375634.8
1725019200000,1725019200000,1.5895,1.6151,1.5077,1.5272,6534607.8
1725040800000,1725040800000,1.5272,1.573,1.5257,1.5618,1716707.1
1725062400000,1725062400000,1.5618,1.5845,1.5537,1.5539,1419614.7
1725084000000,1725084000000,1.5539,1.554,1.5251,1.5446,1322878.5
1725105600000,1725105600000,1.5446,1.5489,1.5096,1.5219,1354500.6
1725127200000,1725127200000,1.5219,1.5299,1.5082,1.5188,1000508.5
1725148800000,1725148800000,1.5188,1.5254,1.4722,1.4762,2163375.7
1725170400000,1725170400000,1.4762,1.4974,1.4633,1.4794,1655634.9
1725192000000,1725192000000,1.4794,1.4846,1.4429,1.4507,3144529.0
1725213600000,1725213600000,1.4507,1.4857,1.4153,1.4362,3783442.5
1725235200000,1725235200000,1.4362,1.4638,1.4313,1.4553,2503082.4
1725256800000,1725256800000,1.4553,1.473,1.429,1.4568,3244141.7
1725278400000,1725278400000,1.4568,1.4838,1.4347,1.4795,2209363.3
1725300000000,1725300000000,1.4795,1.5177,1.4748,1.5118,1903135.5
1725321600000,1725321600000,1.5118,1.5532,1.51,1.5254,3123552.0
1725343200000,1725343200000,1.5254,1.5254,1.4954,1.5131,2686879.3
1725364800000,1725364800000,1.5131,1.5261,1.4324,1.4405,4381368.6
1725386400000,1725386400000,1.4405,1.4597,1.4084,1.4142,1997462.8
1725408000000,1725408000000,1.4142,1.4371,1.353,1.4065,5201545.9
1725429600000,1725429600000,1.4065,1.4466,1.4065,1.4177,2418127.0
1725451200000,1725451200000,1.4177,1.4884,1.4108,1.464,3845554.0
1725472800000,1725472800000,1.464,1.4782,1.4564,1.4643,1096262.0
1725494400000,1725494400000,1.4643,1.48,1.4273,1.441,2160239.2
1725516000000,1725516000000,1.441,1.4492,1.421,1.4301,2089667.7
1725537600000,1725537600000,1.4301,1.4492,1.3962,1.4062,2975905.3
1725559200000,1725559200000,1.4062,1.4109,1.3639,1.3783,2319295.9
1725580800000,1725580800000,1.3783,1.4025,1.3674,1.3889,1864406.3
1725602400000,1725602400000,1.3889,1.3964,1.3617,1.3928,2039561.8
1725624000000,1725624000000,1.3928,1.4465,1.355,1.3682,8017163.6
1725645600000,1725645600000,1.3682,1.3686,1.3149,1.3635,3852292.8
1725667200000,1725667200000,1.3635,1.3981,1.3586,1.3911,1303634.4
1725688800000,1725688800000,1.3911,1.402,1.3847,1.3895,1191916.9
1725710400000,1725710400000,1.3895,1.4219,1.3895,1.3974,1493275.9
1725732000000,1725732000000,1.3974,1.4067,1.3755,1.3862,1118101.3
1725753600000,1725753600000,1.3862,1.4187,1.3795,1.4085,1252879.5
1725775200000,1725775200000,1.4085,1.4292,1.4004,1.4115,1546726.7
1725796800000,1725796800000,1.4115,1.4147,1.3731,1.3976,3089345.0
1725818400000,1725818400000,1.3976,1.4374,1.3902,1.4171,1759244.0
1725840000000,1725840000000,1.4171,1.4306,1.4053,1.4113,1372171.9
1725861600000,1725861600000,1.4113,1.4555,1.4092,1.4489,2142564.4
1725883200000,1725883200000,1.4489,1.5274,1.433,1.511,4179376.5
1725904800000,1725904800000,1.511,1.5426,1.504,1.5183,2702716.5
1725926400000,1725926400000,1.5183,1.5309,1.5044,1.529,1983285.3
1725948000000,1725948000000,1.529,1.5746,1.5221,1.5636,3600438.5
1725969600000,1725969600000,1.5636,1.5757,1.5392,1.5696,3274235.1
1725991200000,1725991200000,1.5696,1.6483,1.5694,1.6091,6286071.8
1726012800000,1726012800000,1.6091,1.6125,1.5184,1.5326,4914347.9
1726034400000,1726034400000,1.5326,1.574,1.5278,1.5692,3277655.8
1726056000000,1726056000000,1.5692,1.6079,1.5294,1.5809,7449589.4
1726077600000,1726077600000,1.5809,1.5919,1.563,1.574,2378619.3
1726099200000,1726099200000,1.574,1.6252,1.5722,1.6062,3588458.3
1726120800000,1726120800000,1.6062,1.6466,1.6019,1.6366,3939645.5
1726142400000,1726142400000,1.6366,1.6512,1.5954,1.6476,5098865.7
1726164000000,1726164000000,1.6476,1.6554,1.6297,1.6371,2765240.4
1726185600000,1726185600000,1.6371,1.6429,1.6018,1.6078,1964336.9
1726207200000,1726207200000,1.6078,1.6114,1.5831,1.5861,3020363.3
1726228800000,1726228800000,1.5861,1.6636,1.5748,1.6338,6745811.6
1726250400000,1726250400000,1.6338,1.65,1.6168,1.6465,4746874.5
1726272000000,1726272000000,1.6465,1.6498,1.605,1.605,2713271.0
1726293600000,1726293600000,1.605,1.6221,1.5923,1.6,1699552.8
1726315200000,1726315200000,1.6,1.6126,1.5958,1.5995,1467807.2
1726336800000,1726336800000,1.5995,1.6118,1.5833,1.6082,2045055.6
1726358400000,1726358400000,1.6082,1.6159,1.5951,1.5976,1906377.4
1726380000000,1726380000000,1.5976,1.6058,1.5863,1.5928,1227110.8
1726401600000,1726401600000,1.5928,1.6063,1.5675,1.5735,2241062.8
1726423200000,1726423200000,1.5735,1.5934,1.5361,1.5516,2620942.5
1726444800000,1726444800000,1.5516,1.5523,1.4922,1.5208,3971207.7
1726466400000,1726466400000,1.5208,1.5328,1.4984,1.5133,1959926.2
1726488000000,1726488000000,1.5133,1.5157,1.4682,1.4916,3370464.3
1726509600000,1726509600000,1.4916,1.4966,1.4726,1.4888,1428012.6
1726531200000,1726531200000,1.4888,1.5134,1.4691,1.5104,1266612.3
1726552800000,1726552800000,1.5104,1.5315,1.5012,1.5156,1453671.7
1726574400000,1726574400000,1.5156,1.5964,1.5037,1.539,4935484.7
1726596000000,1726596000000,1.539,1.547,1.5141,1.5224,2023810.3
1726617600000,1726617600000,1.5224,1.5556,1.4975,1.5208,2815830.8
1726639200000,1726639200000,1.5208,1.54,1.49,1.4991,2562681.8
1726660800000,1726660800000,1.4991,1.5148,1.4747,1.5125,2904922.4
1726682400000,1726682400000,1.5125,1.5674,1.4961,1.5665,6319015.6
1726704000000,1726704000000,1.5665,1.6928,1.5475,1.6649,14907102.3
1726725600000,1726725600000,1.6649,1.7223,1.647,1.7012,8667839.2
1726747200000,1726747200000,1.7012,1.7422,1.6837,1.7277,8522379.4
1726768800000,1726768800000,1.7277,1.7421,1.6806,1.6865,3997310.6
1726790400000,1726790400000,1.6865,1.763,1.6645,1.7602,5866220.8
1726812000000,1726812000000,1.7602,1.8082,1.7444,1.7663,6310297.5
1726833600000,1726833600000,1.7663,1.7796,1.7183,1.7327,7230325.3
1726855200000,1726855200000,1.7327,1.776,1.7209,1.7435,2174601.2
1726876800000,1726876800000,1.7435,1.7721,1.7148,1.7253,3731569.1
1726898400000,1726898400000,1.7253,1.7568,1.7218,1.7396,2701652.1
1726920000000,1726920000000,1.7396,1.7706,1.7351,1.7502,2812249.8
1726941600000,1726941600000,1.7502,1.7698,1.7412,1.7571,1507854.8
1726963200000,1726963200000,1.7571,1.7609,1.6941,1.699,3191385.8
1726984800000,1726984800000,1.699,1.71,1.6757,1.6887,2227980.6
1727006400000,1727006400000,1.6887,1.7022,1.6681,1.6986,2514588.3
1727028000000,1727028000000,1.6986,1.7443,1.6592,1.729,2835264.3
1727049600000,1727049600000,1.729,1.7979,1.6847,1.7538,7532296.5
1727071200000,1727071200000,1.7538,1.844,1.7481,1.802,10856677.3
1727092800000,1727092800000,1.802,1.8558,1.7816,1.831,8508115.9
1727114400000,1727114400000,1.831,1.8739,1.8285,1.845,6384084.0
1727136000000,1727136000000,1.845,1.922,1.8155,1.8722,12830800.8
1727157600000,1727157600000,1.8722,1.9812,1.8621,1.9629,9845663.5
1727179200000,1727179200000,1.9629,1.9798,1.895,1.9371,10202560.4
1727200800000,1727200800000,1.9371,1.9836,1.9227,1.9595,4554785.7
1727222400000,1727222400000,1.9595,2.0473,1.9493,1.9806,9139645.0
1727244000000,1727244000000,1.9806,1.9806,1.9282,1.943,7372757.9
1727265600000,1727265600000,1.943,1.9675,1.9087,1.916,5474594.9
1727287200000,1727287200000,1.916,1.9326,1.861,1.8738,3532209.6
1727308800000,1727308800000,1.8738,1.9682,1.8442,1.9652,8253178.4
1727330400000,1727330400000,1.9652,2.0119,1.9537,2.0088,7278557.2
1727352000000,1727352000000,2.0088,2.0805,1.9824,2.0354,13040342.2
1727373600000,1727373600000,2.0354,2.0449,1.9726,1.9886,3926765.2
1727395200000,1727395200000,1.9886,2.0637,1.9876,2.029,6025211.1
1727416800000,1727416800000,2.029,2.04,1.962,1.9753,5586746.4
1727438400000,1727438400000,1.9753,2.0353,1.969,1.9946,6480505.2
1727460000000,1727460000000,1.9946,2.0161,1.9786,1.989,1880358.6
1727481600000,1727481600000,1.989,2.022,1.9764,1.9832,3632057.1
1727503200000,1727503200000,1.9832,1.9864,1.914,1.9548,3820228.6
1727524800000,1727524800000,1.9548,1.9552,1.9223,1.9391,2011974.0
1727546400000,1727546400000,1.9391,1.9637,1.9117,1.9609,1771267.1
1727568000000,1727568000000,1.9609,1.9719,1.9197,1.9242,2432201.0
1727589600000,1727589600000,1.9242,1.9379,1.8921,1.9335,2602040.0
1727611200000,1727611200000,1.9335,1.9594,1.9033,1.9531,2806051.8
1727632800000,1727632800000,1.9531,2.0007,1.9456,1.9646,3819642.7
1727654400000,1727654400000,1.9646,1.998,1.8986,1.9374,6363120.1
1727676000000,1727676000000,1.9374,1.9579,1.837,1.8733,7806383.7
1727697600000,1727697600000,1.8733,1.8952,1.8458,1.8676,4424155.3
1727719200000,1727719200000,1.8676,1.8796,1.8156,1.8384,3866587.6
1727740800000,1727740800000,1.8384,1.9075,1.8263,1.8892,4067074.2
1727762400000,1727762400000,1.8892,1.9352,1.8871,1.9106,2871879.4
1727784000000,1727784000000,1.9106,1.9177,1.6027,1.7206,28066009.6
1727805600000,1727805600000,1.7206,1.7416,1.6512,1.7101,11095220.0
1727827200000,1727827200000,1.7101,1.7555,1.6911,1.7358,4323737.2
1727848800000,1727848800000,1.7358,1.7975,1.7251,1.7606,7622799.3
1727870400000,1727870400000,1.7606,1.7821,1.7156,1.7431,8354023.1
1727892000000,1727892000000,1.7431,1.7468,1.6626,1.7269,6311438.8
1727913600000,1727913600000,1.7269,1.888,1.7084,1.844,15108027.0
1727935200000,1727935200000,1.844,1.8653,1.7337,1.7679,15024503.5
1727956800000,1727956800000,1.7679,1.8348,1.6947,1.7881,23363157.4
1727978400000,1727978400000,1.7881,1.8503,1.7759,1.8256,11996569.1
1728000000000,1728000000000,1.8256,1.9271,1.8146,1.8942,12550640.5
1728021600000,1728021600000,1.8942,1.9286,1.8713,1.8804,7117210.6
1728043200000,1728043200000,1.8804,1.9991,1.8671,1.9702,15661047.4
1728064800000,1728064800000,1.9702,1.9787,1.8622,1.8772,10907867.9
1728086400000,1728086400000,1.8772,1.8831,1.811,1.8202,7965354.9
1728108000000,1728108000000,1.8202,1.8423,1.8034,1.8196,4937437.7
1728129600000,1728129600000,1.8196,1.8383,1.7751,1.7903,4335016.3
1728151200000,1728151200000,1.7903,1.8188,1.7614,1.8017,3483523.6
1728172800000,1728172800000,1.8017,1.8348,1.7873,1.7935,4002038.2
1728194400000,1728194400000,1.7935,1.8222,1.7919,1.7989,2144206.1
1728216000000,1728216000000,1.7989,1.846,1.7851,1.8119,5190229.1
1728237600000,1728237600000,1.8119,1.8421,1.7993,1.8393,3447517.0
1728259200000,1728259200000,1.8393,1.8877,1.8276,1.8531,5767548.8
1728280800000,1728280800000,1.8531,1.8712,1.7578,1.7911,6574378.8
1728302400000,1728302400000,1.7911,1.8782,1.7734,1.8233,7965490.7
1728324000000,1728324000000,1.8233,1.8289,1.7515,1.7545,6139676.7
1728345600000,1728345600000,1.7545,1.7793,1.7202,1.7347,4810178.2
1728367200000,1728367200000,1.7347,1.7422,1.7022,1.7384,4947859.8
1728388800000,1728388800000,1.7384,1.7719,1.7111,1.7553,7957350.7
1728410400000,1728410400000,1.7553,1.7756,1.7177,1.7318,4801904.0
1728432000000,1728432000000,1.7318,1.7565,1.7169,1.7347,3633262.1
1728453600000,1728453600000,1.7347,1.736,1.6949,1.7094,4244344.0
1728475200000,1728475200000,1.7094,1.721,1.66,1.6763,8623933.4
1728496800000,1728496800000,1.6763,1.6836,1.6329,1.6502,5765753.2
1728518400000,1728518400000,1.6502,1.6924,1.6307,1.6855,4832731.5
1728540000000,1728540000000,1.6855,1.6891,1.6365,1.676,2929188.2
1728561600000,1728561600000,1.676,1.6827,1.6069,1.6155,6361481.9
1728583200000,1728583200000,1.6155,1.6757,1.5911,1.6719,5649154.9
1728604800000,1728604800000,1.6719,1.6844,1.6514,1.6587,2948163.9
1728626400000,1728626400000,1.6587,1.7031,1.6574,1.6934,3572980.0
1728648000000,1728648000000,1.6934,1.7697,1.6934,1.7692,6258623.8
1728669600000,1728669600000,1.7692,1.779,1.7341,1.742,4955474.0
1728691200000,1728691200000,1.742,1.7724,1.7396,1.7598,2672808.8
1728712800000,1728712800000,1.7598,1.7861,1.7495,1.7694,2615854.6
1728734400000,1728734400000,1.7694,1.7862,1.7468,1.751,3856690.8
1728756000000,1728756000000,1.751,1.7683,1.743,1.7566,1695413.1
1728777600000,1728777600000,1.7566,1.7605,1.7105,1.7506,4111478.8
1728799200000,1728799200000,1.7506,1.7516,1.7161,1.718,2232332.4
1728820800000,1728820800000,1.718,1.7398,1.6749,1.6963,4493837.2
1728842400000,1728842400000,1.6963,1.7468,1.6755,1.7303,2822799.3
1728864000000,1728864000000,1.7303,1.7898,1.7031,1.7681,6072579.7
1728885600000,1728885600000,1.7681,1.8386,1.7598,1.8276,5787300.3
1728907200000,1728907200000,1.8276,1.8457,1.802,1.8127,6417280.6
1728928800000,1728928800000,1.8127,1.8418,1.809,1.8334,2418973.9
1728950400000,1728950400000,1.8334,1.8661,1.7788,1.7889,7194398.7
1728972000000,1728972000000,1.7889,1.8393,1.7605,1.7707,8172880.8
1728993600000,1728993600000,1.7707,1.8835,1.7554,1.8079,16047131.2
1729015200000,1729015200000,1.8079,1.8292,1.7609,1.816,5351240.8
1729036800000,1729036800000,1.816,1.8546,1.7916,1.8406,5648963.0
1729058400000,1729058400000,1.8406,1.9184,1.7971,1.8705,9603389.5
1729080000000,1729080000000,1.8705,1.8924,1.8189,1.8475,10175786.2
1729101600000,1729101600000,1.8475,1.8652,1.841,1.8493,2957616.1
1729123200000,1729123200000,1.8493,1.8685,1.8073,1.8128,2981342.8
1729144800000,1729144800000,1.8128,1.8228,1.7767,1.7806,3638366.4
1729166400000,1729166400000,1.7806,1.9138,1.7756,1.8452,9767764.6
1729188000000,1729188000000,1.8452,1.8735,1.8048,1.8633,4261245.0
1729209600000,1729209600000,1.8633,1.9159,1.842,1.8901,4532659.9
1729231200000,1729231200000,1.8901,1.9142,1.8737,1.8757,2126828.0
1729252800000,1729252800000,1.8757,1.9623,1.8556,1.9344,9743246.4
1729274400000,1729274400000,1.9344,1.9464,1.9102,1.9255,1651568.1
1729296000000,1729296000000,1.9255,1.9262,1.8822,1.9074,2176351.8
1729317600000,1729317600000,1.9074,1.912,1.8697,1.8709,2001150.6
1729339200000,1729339200000,1.8709,1.8864,1.8662,1.8681,1296521.1
1729360800000,1729360800000,1.8681,1.8859,1.8612,1.8828,1176670.6
1729382400000,1729382400000,1.8828,1.8919,1.8452,1.8515,1612060.7
1729404000000,1729404000000,1.8515,1.8848,1.8453,1.8826,1197369.9
1729425600000,1729425600000,1.8826,1.9178,1.8675,1.9148,2895200.9
1729447200000,1729447200000,1.9148,1.94,1.906,1.9256,1973928.5
1729468800000,1729468800000,1.9256,1.9508,1.907,1.9276,3495067.6
1729490400000,1729490400000,1.9276,1.9333,1.8483,1.8563,5255042.1
1729512000000,1729512000000,1.8563,1.8624,1.8037,1.8286,4765106.5
1729533600000,1729533600000,1.8286,1.8459,1.8185,1.8275,1838445.0
1729555200000,1729555200000,1.8275,1.8393,1.7935,1.8357,2443450.7
1729576800000,1729576800000,1.8357,1.8473,1.7802,1.8002,2848385.7
1729598400000,1729598400000,1.8002,1.8183,1.7702,1.812,3058793.1
1729620000000,1729620000000,1.812,1.8252,1.8078,1.8145,1545515.7
1729641600000,1729641600000,1.8145,1.8185,1.7908,1.7993,1661065.6
1729663200000,1729663200000,1.7993,1.8166,1.7664,1.7702,2727430.6
1729684800000,1729684800000,1.7702,1.7862,1.7361,1.7382,4034102.5
1729706400000,1729706400000,1.7382,1.8021,1.7196,1.7922,3486487.0
1729728000000,1729728000000,1.7922,1.8253,1.7851,1.8101,2022877.4
1729749600000,1729749600000,1.8101,1.8158,1.7663,1.7995,2066266.1
1729771200000,1729771200000,1.7995,1.8237,1.7883,1.7946,4771993.4
1729792800000,1729792800000,1.7946,1.84,1.7931,1.8109,2915480.2
1729814400000,1729814400000,1.8109,1.813,1.77,1.7842,2299058.2
1729836000000,1729836000000,1.7842,1.7888,1.7513,1.7874,1960712.7
1729857600000,1729857600000,1.7874,1.8047,1.7258,1.7306,4445425.8
1729879200000,1729879200000,1.7306,1.7574,1.5504,1.6491,10155010.8
1729900800000,1729900800000,1.6491,1.6708,1.625,1.6641,4250256.8
1729922400000,1729922400000,1.6641,1.6769,1.6583,1.6757,1393852.6
1729944000000,1729944000000,1.6757,1.6979,1.6408,1.677,2980259.2
1729965600000,1729965600000,1.677,1.6938,1.672,1.6895,859789.3
1729987200000,1729987200000,1.6895,1.7023,1.675,1.6876,977707.5
1730008800000,1730008800000,1.6876,1.6973,1.6774,1.6795,785570.2
1730030400000,1730030400000,1.6795,1.768,1.6783,1.7371,3631802.5
1730052000000,1730052000000,1.7371,1.7574,1.7301,1.7404,1402519.8
1730073600000,1730073600000,1.7404,1.744,1.7003,1.7215,2060215.8
1730095200000,1730095200000,1.7215,1.7818,1.7152,1.7745,2952006.4
1730116800000,1730116800000,1.7745,1.7898,1.6648,1.6833,7710540.9
1730138400000,1730138400000,1.6833,1.7814,1.6724,1.7631,4500979.0
1730160000000,1730160000000,1.7631,1.9444,1.7549,1.875,12696575.9
1730181600000,1730181600000,1.875,1.9039,1.8546,1.8945,6268089.9
1730203200000,1730203200000,1.8945,1.8989,1.8485,1.8607,7507364.9
1730224800000,1730224800000,1.8607,1.8757,1.805,1.8659,6488223.9
1730246400000,1730246400000,1.8659,1.8743,1.8284,1.8586,2861281.7
1730268000000,1730268000000,1.8586,1.8675,1.785,1.7945,3509717.4
1730289600000,1730289600000,1.7945,1.8285,1.7595,1.7702,5086155.1
1730311200000,1730311200000,1.7702,1.7958,1.7568,1.7572,2835078.1
1730332800000,1730332800000,1.7572,1.7603,1.7219,1.7416,3230096.8
1730354400000,1730354400000,1.7416,1.7434,1.7026,1.7279,3100162.4
1730376000000,1730376000000,1.7279,1.7312,1.6633,1.6694,4565633.4
1730397600000,1730397600000,1.6694,1.6702,1.6276,1.6407,3274097.8
1730419200000,1730419200000,1.6407,1.6491,1.5991,1.6056,3185851.8
1730440800000,1730440800000,1.6056,1.6094,1.5641,1.6038,3757479.9
1730462400000,1730462400000,1.6038,1.6475,1.5743,1.6082,5831894.9
1730484000000,1730484000000,1.6082,1.6126,1.577,1.5966,2376411.0
1730505600000,1730505600000,1.5966,1.6167,1.5886,1.6036,1874740.1
1730527200000,1730527200000,1.6036,1.6059,1.5888,1.5991,1061935.1
1730548800000,1730548800000,1.5991,1.6,1.5593,1.5668,2703771.9
1730570400000,1730570400000,1.5668,1.5796,1.5557,1.5702,942029.8
1730592000000,1730592000000,1.5702,1.5779,1.4932,1.5234,3978776.4
1730613600000,1730613600000,1.5234,1.5433,1.5006,1.5043,1234529.5
1730635200000,1730635200000,1.5043,1.5167,1.4037,1.4459,7255604.0
1730656800000,1730656800000,1.4459,1.4868,1.4107,1.476,3117535.4
1730678400000,1730678400000,1.476,1.5021,1.4475,1.4565,3782997.0
1730700000000,1730700000000,1.4565,1.4878,1.4401,1.4816,3617304.0
1730721600000,1730721600000,1.4816,1.4981,1.4429,1.4604,2885591.3
1730743200000,1730743200000,1.4604,1.4692,1.4173,1.4557,3369280.4
1730764800000,1730764800000,1.4557,1.498,1.4518,1.4953,2840182.3
1730786400000,1730786400000,1.4953,1.5215,1.4893,1.5147,3300885.2
1730808000000,1730808000000,1.5147,1.5686,1.5023,1.5328,5602851.7
1730829600000,1730829600000,1.5328,1.5383,1.4945,1.5186,3156441.4
1730851200000,1730851200000,1.5186,1.6941,1.5162,1.6797,14532801.1
1730872800000,1730872800000,1.6797,1.7205,1.6226,1.6726,9932052.3
1730894400000,1730894400000,1.6726,1.6873,1.6342,1.6568,6393038.8
1730916000000,1730916000000,1.6568,1.7391,1.6561,1.7219,7841011.4
1730937600000,1730937600000,1.7219,1.7528,1.691,1.697,6391904.2
1730959200000,1730959200000,1.697,1.6973,1.6516,1.6537,4921660.2
1730980800000,1730980800000,1.6537,1.7022,1.6402,1.6879,6545598.5
1731002400000,1731002400000,1.6879,1.7011,1.6645,1.678,4312224.1
1731024000000,1731024000000,1.678,1.7153,1.6461,1.6639,5225121.3
1731045600000,1731045600000,1.6639,1.6765,1.6329,1.6603,4274385.4
1731067200000,1731067200000,1.6603,1.6871,1.6088,1.6341,7328406.4
1731088800000,1731088800000,1.6341,1.6645,1.6273,1.6562,3641817.3
1731110400000,1731110400000,1.6562,1.6643,1.6199,1.6575,2975513.8
1731132000000,1731132000000,1.6575,1.693,1.65,1.6729,5805611.3
1731153600000,1731153600000,1.6729,1.6776,1.6145,1.6376,5670191.5
1731175200000,1731175200000,1.6376,1.7526,1.6339,1.73,4956287.4
1731196800000,1731196800000,1.73,1.8075,1.71,1.7741,13125109.2
1731218400000,1731218400000,1.7741,1.8163,1.7632,1.8102,5753023.6
1731240000000,1731240000000,1.8102,1.8678,1.7691,1.8436,12415606.8
1731261600000,1731261600000,1.8436,1.8726,1.7201,1.8145,10539570.9
1731283200000,1731283200000,1.8145,2.1478,1.8025,1.9777,34924191.3
1731304800000,1731304800000,1.9777,2.0957,1.9602,2.0622,17431921.0
1731326400000,1731326400000,2.0622,2.0963,1.9783,2.0428,21652334.2
1731348000000,1731348000000,2.0428,2.2134,2.0113,2.1968,28092572.4
1731369600000,1731369600000,2.1968,2.3,2.0906,2.17,26348996.8
1731391200000,1731391200000,2.17,2.2056,1.92,2.0271,30238474.4
1731412800000,1731412800000,2.0271,2.0672,1.9305,1.9861,24698990.0
1731434400000,1731434400000,1.9861,2.0838,1.9856,2.0238,9771401.9
1731456000000,1731456000000,2.0238,2.0531,1.8201,1.8665,19346977.8
1731477600000,1731477600000,1.8665,1.9461,1.8389,1.913,12833706.2
1731499200000,1731499200000,1.913,2.0317,1.8927,2.006,18822028.8
1731520800000,1731520800000,2.006,2.0241,1.8524,1.9568,17449707.8
1731542400000,1731542400000,1.9568,1.9609,1.8836,1.9535,7949694.8
1731564000000,1731564000000,1.9535,1.9884,1.8907,1.926,8341986.3
1731585600000,1731585600000,1.926,1.9437,1.8213,1.8704,11794140.3
1731607200000,1731607200000,1.8704,1.8868,1.7698,1.806,9740096.8
1731628800000,1731628800000,1.806,1.8345,1.7394,1.7744,8588739.5
1731650400000,1731650400000,1.7744,1.8522,1.7603,1.8522,5697416.6
1731672000000,1731672000000,1.8522,1.8809,1.7776,1.8255,9450450.4
1731693600000,1731693600000,1.8255,1.8879,1.8067,1.8794,4986631.1
1731715200000,1731715200000,1.8794,1.9495,1.8522,1.9319,6506413.3
1731736800000,1731736800000,1.9319,1.965,1.8942,1.965,6406733.6
1731758400000,1731758400000,1.965,1.9931,1.889,1.9929,9538548.9
1731780000000,1731780000000,1.9929,2.0116,1.9674,2.0061,5032206.8
1731801600000,1731801600000,2.0061,2.0249,1.8726,1.9432,10338938.5
1731823200000,1731823200000,1.9432,1.9674,1.8857,1.8913,5364633.2
1731844800000,1731844800000,1.8913,1.9254,1.8861,1.9113,3451498.8
1731866400000,1731866400000,1.9113,1.912,1.8193,1.8615,5086658.3
1731888000000,1731888000000,1.8615,1.9413,1.8437,1.9115,5551085.6
1731909600000,1731909600000,1.9115,1.9852,1.8624,1.8736,8722661.1
1731931200000,1731931200000,1.8736,1.9637,1.8511,1.9341,8154423.8
1731952800000,1731952800000,1.9341,1.9648,1.8702,1.9457,6034061.4
1731974400000,1731974400000,1.9457,1.949,1.9066,1.9349,4979747.3
1731996000000,1731996000000,1.9349,1.9415,1.8822,1.9156,4713093.1
1732017600000,1732017600000,1.9156,1.9897,1.8811,1.9328,11475046.9
1732039200000,1732039200000,1.9328,1.9697,1.8414,1.8897,7971390.3
1732060800000,1732060800000,1.8897,1.8897,1.7871,1.8416,6723621.6
1732082400000,1732082400000,1.8416,1.8903,1.8241,1.858,4639860.3
1732104000000,1732104000000,1.858,1.9083,1.8243,1.8243,9605810.5
1732125600000,1732125600000,1.8243,1.8423,1.7744,1.8079,6775361.5
1732147200000,1732147200000,1.8079,1.958,1.7471,1.9178,20136218.4
1732168800000,1732168800000,1.9178,1.953,1.8787,1.9291,9063881.6
1732190400000,1732190400000,1.9291,1.9838,1.8653,1.9298,19271724.2
1732212000000,1732212000000,1.9298,1.9499,1.9033,1.9234,6129474.8
1732233600000,1732233600000,1.9234,2.0095,1.9182,1.9727,12167865.6
1732255200000,1732255200000,1.9727,1.9771,1.907,1.9701,7319269.4
1732276800000,1732276800000,1.9701,1.9898,1.8598,1.9463,16038400.1
1732298400000,1732298400000,1.9463,2.0571,1.9231,2.0461,7345608.7
1732320000000,1732320000000,2.0461,2.0904,1.9826,2.0374,13171794.6
1732341600000,1732341600000,2.0374,2.1,2.0262,2.0742,9767158.6
1732363200000,1732363200000,2.0742,2.1755,2.0231,2.0983,19137951.2
1732384800000,1732384800000,2.0983,2.1079,2.0082,2.0711,6938623.0
1732406400000,1732406400000,2.0711,2.1525,2.0571,2.1296,9180651.9
1732428000000,1732428000000,2.1296,2.1517,1.9668,1.9727,14350742.1
1732449600000,1732449600000,1.9727,2.0051,1.8917,1.9478,18310597.9
1732471200000,1732471200000,1.9478,2.0824,1.944,2.0636,6199516.1
1732492800000,1732492800000,2.0636,2.4138,2.0331,2.2692,48001669.5
1732514400000,1732514400000,2.2692,2.3085,2.2001,2.2238,17277716.3
1732536000000,1732536000000,2.2238,2.2483,2.1172,2.1547,19188538.5
1732557600000,1732557600000,2.1547,2.1962,2.0675,2.1183,11757332.9
1732579200000,1732579200000,2.1183,2.2254,2.0829,2.2057,16804684.1
1732600800000,1732600800000,2.2057,2.2576,2.0429,2.1296,22234331.0
1732622400000,1732622400000,2.1296,2.1403,2.0404,2.1005,12402612.5
1732644000000,1732644000000,2.1005,2.1246,2.0274,2.1197,8128659.9
1732665600000,1732665600000,2.1197,2.1465,2.0696,2.0909,7115763.6
1732687200000,1732687200000,2.0909,2.1498,2.0906,2.1258,8062444.6
1732708800000,1732708800000,2.1258,2.2073,2.0828,2.1878,9440745.1
1732730400000,1732730400000,2.1878,2.2465,2.1714,2.2332,6326904.3
1732752000000,1732752000000,2.2332,2.3714,2.2128,2.2546,17585055.6
1732773600000,1732773600000,2.2546,2.2843,2.1926,2.2821,8432873.1
1732795200000,1732795200000,2.2821,2.3201,2.2386,2.2802,15873751.4
1732816800000,1732816800000,2.2802,2.3364,2.2615,2.319,4997418.6
1732838400000,1732838400000,2.319,2.3231,2.2589,2.2868,5552743.4
1732860000000,1732860000000,2.2868,2.3209,2.235,2.3107,6531665.0
1732881600000,1732881600000,2.3107,2.3479,2.2859,2.296,9605028.0
1732903200000,1732903200000,2.296,2.3531,2.2849,2.3462,3840802.9
1732924800000,1732924800000,2.3462,2.3479,2.271,2.3155,5873391.3
1732946400000,1732946400000,2.3155,2.3262,2.2628,2.2744,5397532.2
1732968000000,1732968000000,2.2744,2.3607,2.2743,2.3388,6023476.6
1732989600000,1732989600000,2.3388,2.3658,2.313,2.3176,2949032.1
1733011200000,1733011200000,2.3176,2.3341,2.2266,2.2622,6360645.2
1733032800000,1733032800000,2.2622,2.3009,2.2589,2.2856,3202348.3
1733054400000,1733054400000,2.2856,2.4949,2.2781,2.3879,15428431.5
1733076000000,1733076000000,2.3879,2.4166,2.3585,2.3942,5155919.1
1733097600000,1733097600000,2.3942,2.4253,2.2511,2.2946,13663411.9
1733119200000,1733119200000,2.2946,2.3041,2.1427,2.1897,14095700.2
1733140800000,1733140800000,2.1897,2.3354,2.1821,2.2129,18272583.8
1733162400000,1733162400000,2.2129,2.4253,2.2119,2.422,6607713.1
1733184000000,1733184000000,2.422,2.5,2.3626,2.4527,16194373.9
1733205600000,1733205600000,2.4527,2.4867,2.3724,2.4472,10860662.8
1733227200000,1733227200000,2.4472,2.463,2.1734,2.3309,31902265.7
1733248800000,1733248800000,2.3309,2.572,2.3236,2.5109,14302720.1
1733270400000,1733270400000,2.5109,2.731,2.4821,2.6058,18034104.2
1733292000000,1733292000000,2.6058,2.7151,2.5441,2.6846,15580324.2
1733313600000,1733313600000,2.6846,2.6854,2.4888,2.5729,13368695.2
1733335200000,1733335200000,2.5729,2.7464,2.5622,2.6918,11715773.7
1733356800000,1733356800000,2.6918,3.0237,2.5065,2.871,36972671.2
1733378400000,1733378400000,2.871,2.9599,2.8125,2.8994,11462672.9
1733400000000,1733400000000,2.8994,2.957,2.7935,2.8258,17952277.2
1733421600000,1733421600000,2.8258,2.8287,2.6167,2.7494,15873602.0
1733443200000,1733443200000,2.7494,2.832,2.7088,2.7888,7463135.2
1733464800000,1733464800000,2.7888,2.8066,2.6523,2.6915,9459949.1
1733486400000,1733486400000,2.6915,2.8012,2.6211,2.7698,11059335.6
1733508000000,1733508000000,2.7698,2.8015,2.7275,2.7446,4766847.6
1733529600000,1733529600000,2.7446,2.7721,2.6766,2.692,4936083.6
1733551200000,1733551200000,2.692,2.7176,2.655,2.6804,4087044.8
1733572800000,1733572800000,2.6804,2.7025,2.6452,2.6607,3470978.8
1733594400000,1733594400000,2.6607,2.6997,2.6488,2.6563,2695456.9
1733616000000,1733616000000,2.6563,2.6812,2.6025,2.6184,4234475.1
1733637600000,1733637600000,2.6184,2.6579,2.5606,2.6176,6374460.7
1733659200000,1733659200000,2.6176,2.6913,2.5945,2.6765,4983113.8
1733680800000,1733680800000,2.6765,2.7405,2.6459,2.7224,2868717.2
1733702400000,1733702400000,2.7224,2.7239,2.5427,2.5814,7458189.5
1733724000000,1733724000000,2.5814,2.5828,2.4172,2.4676,16290978.9
1733745600000,1733745600000,2.4676,2.5676,2.4447,2.447,12795912.7
1733767200000,1733767200000,2.447,2.4747,1.851,2.2436,41372418.5
1733788800000,1733788800000,2.2436,2.3039,2.0643,2.2119,18055929.0
1733810400000,1733810400000,2.2119,2.2396,2.1742,2.1934,7099161.1
1733832000000,1733832000000,2.1934,2.1993,2.004,2.0069,20131145.3
1733853600000,1733853600000,2.0069,2.2054,2.0034,2.1781,8034465.0
1733875200000,1733875200000,2.1781,2.1976,2.0844,2.1764,8331625.6
1733896800000,1733896800000,2.1764,2.2527,2.1524,2.2224,7443925.3
1733918400000,1733918400000,2.2224,2.3796,2.2145,2.3289,12864774.2
1733940000000,1733940000000,2.3289,2.4104,2.3202,2.3956,4123745.7
1733961600000,1733961600000,2.3956,2.4863,2.358,2.463,8439686.9
1733983200000,1733983200000,2.463,2.4744,2.3562,2.375,7839111.5
1734004800000,1734004800000,2.375,2.437,2.3696,2.4176,8240920.8
1734026400000,1734026400000,2.4176,2.4206,2.3125,2.3438,5884676.8
1734048000000,1734048000000,2.3438,2.3725,2.2806,2.3029,4781696.2
1734069600000,1734069600000,2.3029,2.3278,2.2501,2.2928,4648592.7
1734091200000,1734091200000,2.2928,2.3304,2.2568,2.2883,7207178.0
1734112800000,1734112800000,2.2883,2.3186,2.2625,2.3163,2759627.5
1734134400000,1734134400000,2.3163,2.3902,2.2924,2.3213,6817091.3
1734156000000,1734156000000,2.3213,2.3506,2.2748,2.2922,2762742.9
1734177600000,1734177600000,2.2922,2.2982,2.1872,2.1987,8133712.2
1734199200000,1734199200000,2.1987,2.2346,2.1651,2.2294,3653987.9
1734220800000,1734220800000,2.2294,2.2727,2.1948,2.2621,4448874.3
1734242400000,1734242400000,2.2621,2.3133,2.1901,2.2823,5301529.2
1734264000000,1734264000000,2.2823,2.4607,2.2823,2.4422,15372656.6
1734285600000,1734285600000,2.4422,2.4632,2.32,2.4569,8859180.7
1734307200000,1734307200000,2.4569,2.63,2.444,2.5018,18649779.7
1734328800000,1734328800000,2.5018,2.5494,2.4116,2.4225,13538677.2
1734350400000,1734350400000,2.4225,2.5708,2.4225,2.5011,19445306.4
1734372000000,1734372000000,2.5011,2.5284,2.4074,2.4158,11056874.5
1734393600000,1734393600000,2.4158,2.4199,2.3415,2.3538,7880023.7
1734415200000,1734415200000,2.3538,2.4026,2.3352,2.3664,6390062.7
1734436800000,1734436800000,2.3664,2.4226,2.3327,2.3649,15482958.3
1734458400000,1734458400000,2.3649,2.4377,2.2603,2.2787,17622848.3
1734480000000,1734480000000,2.2787,2.2831,2.126,2.1615,12142370.6
1734501600000,1734501600000,2.1615,2.2119,2.1394,2.2007,5465500.2
1734523200000,1734523200000,2.2007,2.2093,2.1286,2.1611,8532525.9
1734544800000,1734544800000,2.1611,2.2082,1.9591,2.0092,19593696.9
1734566400000,1734566400000,2.0092,2.0397,1.8577,1.9852,18418204.3
1734588000000,1734588000000,1.9852,2.0273,1.957,2.0092,5324021.2
1734609600000,1734609600000,2.0092,2.0124,1.7727,1.827,19812173.5
1734631200000,1734631200000,1.827,1.8386,1.7296,1.788,19636163.0
1734652800000,1734652800000,1.788,1.8379,1.748,1.7515,9088281.4
1734674400000,1734674400000,1.7515,1.7874,1.5515,1.557,27115037.7
1734696000000,1734696000000,1.557,1.7499,1.556,1.7427,13624799.2
1734717600000,1734717600000,1.7427,1.8096,1.7176,1.7994,5671916.3
1734739200000,1734739200000,1.7994,1.8476,1.7671,1.8457,5094127.1
1734760800000,1734760800000,1.8457,1.8886,1.7624,1.782,8564418.4
1734782400000,1734782400000,1.782,1.7837,1.6631,1.6895,12291772.4
1734804000000,1734804000000,1.6895,1.6979,1.6338,1.6524,6410286.6
1734825600000,1734825600000,1.6524,1.6778,1.5868,1.6269,7086647.4
1734847200000,1734847200000,1.6269,1.6996,1.6216,1.6749,5157099.7
1734868800000,1734868800000,1.6749,1.6979,1.6264,1.6568,5817960.5
1734890400000,1734890400000,1.6568,1.6767,1.5894,1.6362,4715170.5
1734912000000,1734912000000,1.6362,1.6826,1.5873,1.634,7348313.9
1734933600000,1734933600000,1.634,1.6542,1.5946,1.6235,4822622.1
1734955200000,1734955200000,1.6235,1.6444,1.5809,1.6154,6956876.4
1734976800000,1734976800000,1.6154,1.7298,1.5979,1.703,6676262.1
1734998400000,1734998400000,1.703,1.7034,1.6449,1.6992,4208833.4
1735020000000,1735020000000,1.6992,1.7071,1.6584,1.6843,4153951.0
1735041600000,1735041600000,1.6843,1.7829,1.67,1.7656,7154448.5
1735063200000,1735063200000,1.7656,1.7924,1.7213,1.7686,4370423.0
1735084800000,1735084800000,1.7686,1.7692,1.7121,1.7385,4176773.4
1735106400000,1735106400000,1.7385,1.7573,1.6918,1.6956,4506246.3
1735128000000,1735128000000,1.6956,1.725,1.663,1.6837,4859909.7
1735149600000,1735149600000,1.6837,1.6975,1.6587,1.6812,3923290.7
1735171200000,1735171200000,1.6812,1.7001,1.6147,1.6242,6468148.1
1735192800000,1735192800000,1.6242,1.6285,1.5649,1.5811,5393069.4
1735214400000,1735214400000,1.5811,1.5884,1.5493,1.5639,6732302.7
1735236000000,1735236000000,1.5639,1.5914,1.5545,1.5804,3706441.0
1735257600000,1735257600000,1.5804,1.6085,1.561,1.596,5345340.3
1735279200000,1735279200000,1.596,1.6505,1.5668,1.6352,4973892.7
1735300800000,1735300800000,1.6352,1.6384,1.5601,1.608,4456440.9
1735322400000,1735322400000,1.608,1.6096,1.5559,1.5695,4062404.1
1735344000000,1735344000000,1.5695,1.5962,1.5568,1.5902,2640854.9
1735365600000,1735365600000,1.5902,1.602,1.5769,1.6007,2104448.5
1735387200000,1735387200000,1.6007,1.6533,1.599,1.6356,4542726.2
1735408800000,1735408800000,1.6356,1.6628,1.6304,1.657,1422290.1
1735430400000,1735430400000,1.657,1.6589,1.6323,1.6363,1619723.0
1735452000000,1735452000000,1.6363,1.6457,1.6146,1.6163,1876234.2
1735473600000,1735473600000,1.6163,1.6257,1.5799,1.59,4092203.1
1735495200000,1735495200000,1.59,1.59,1.5531,1.5713,2529602.0
1735516800000,1735516800000,1.5713,1.596,1.5591,1.577,3047276.2
1735538400000,1735538400000,1.577,1.5988,1.5267,1.5478,6674349.3
1735560000000,1735560000000,1.5478,1.5725,1.4706,1.5239,8984359.8
1735581600000,1735581600000,1.5239,1.5461,1.4764,1.4881,4430171.5
1735603200000,1735603200000,1.4881,1.4882,1.4367,1.4554,4974336.0
1735624800000,1735624800000,1.4554,1.5887,1.4521,1.5739,11660572.2
1735646400000,1735646400000,1.5739,1.6131,1.5332,1.5539,8643922.3
1735668000000,1735668000000,1.5539,1.559,1.5231,1.5349,2663709.8
1735689600000,1735689600000,1.5349,1.5509,1.5258,1.533,3394013.4
1735711200000,1735711200000,1.533,1.5396,1.4904,1.522,4280966.8
1735732800000,1735732800000,1.522,1.572,1.5193,1.5624,3746234.9
1735754400000,1735754400000,1.5624,1.6404,1.5526,1.609,4563461.0
1735776000000,1735776000000,1.609,1.64,1.5958,1.6217,4403812.3
1735797600000,1735797600000,1.6217,1.6585,1.6057,1.6503,3036038.6
1735819200000,1735819200000,1.6503,1.6746,1.6356,1.6483,5492324.9
1735840800000,1735840800000,1.6483,1.6592,1.6227,1.6565,1696066.7
1735862400000,1735862400000,1.6565,1.6589,1.6273,1.6332,2226067.7
1735884000000,1735884000000,1.6332,1.6909,1.6147,1.6869,4080565.1
1735905600000,1735905600000,1.6869,1.7465,1.672,1.7342,6119145.7
1735927200000,1735927200000,1.7342,1.7445,1.7165,1.7361,3011311.6
1735948800000,1735948800000,1.7361,1.7382,1.7021,1.7209,2704861.5
1735970400000,1735970400000,1.7209,1.7501,1.705,1.7256,3405246.9
1735992000000,1735992000000,1.7256,1.7489,1.6953,1.7379,5024903.2
1736013600000,1736013600000,1.7379,1.7417,1.7236,1.7302,1571810.3
1736035200000,1736035200000,1.7302,1.7548,1.7122,1.7359,2757113.2
1736056800000,1736056800000,1.7359,1.7605,1.7042,1.7181,3460160.7
1736078400000,1736078400000,1.7181,1.7392,1.6951,1.7144,3578883.6
1736100000000,1736100000000,1.7144,1.7826,1.7034,1.7614,3347589.4
1736121600000,1736121600000,1.7614,1.8202,1.7163,1.8013,8918706.8
1736143200000,1736143200000,1.8013,1.8034,1.7534,1.7943,3148876.5
1736164800000,1736164800000,1.7943,1.8755,1.7698,1.8276,7460793.1
1736186400000,1736186400000,1.8276,1.8431,1.8019,1.8278,3038160.9
1736208000000,1736208000000,1.8278,1.8278,1.7788,1.7925,3207856.3
1736229600000,1736229600000,1.7925,1.8103,1.7443,1.755,3018208.0
1736251200000,1736251200000,1.755,1.774,1.645,1.6583,11407093.7
1736272800000,1736272800000,1.6583,1.6667,1.5965,1.6002,4500854.9
1736294400000,1736294400000,1.6002,1.6177,1.546,1.5503,4401389.8
1736316000000,1736316000000,1.5503,1.5658,1.5145,1.5376,4608092.7
1736337600000,1736337600000,1.5376,1.5622,1.459,1.5101,8083404.9
1736359200000,1736359200000,1.5101,1.5488,1.5049,1.5402,2690461.8
1736380800000,1736380800000,1.5402,1.5587,1.5144,1.5215,2916685.5
1736402400000,1736402400000,1.5215,1.5281,1.4751,1.5157,3606895.1
1736424000000,1736424000000,1.5157,1.5446,1.4644,1.5033,6499322.0
1736445600000,1736445600000,1.5033,1.5191,1.462,1.4997,3760665.8
1736467200000,1736467200000,1.4997,1.5435,1.4953,1.5308,2558119.2
1736488800000,1736488800000,1.5308,1.5584,1.5259,1.5446,3633723.6
1736510400000,1736510400000,1.5446,1.5571,1.485,1.5543,7005640.8
1736532000000,1736532000000,1.5543,1.5565,1.5191,1.5363,1540900.3
1736553600000,1736553600000,1.5363,1.5383,1.5071,1.5194,1550806.0
1736575200000,1736575200000,1.5194,1.5386,1.5056,1.528,1047634.9
1736596800000,1736596800000,1.528,1.5319,1.5038,1.5109,1328158.9
1736618400000,1736618400000,1.5109,1.5561,1.5041,1.5325,1909640.9
1736640000000,1736640000000,1.5325,1.5438,1.5255,1.53,968155.8
1736661600000,1736661600000,1.53,1.5326,1.4996,1.5157,1275620.9
1736683200000,1736683200000,1.5157,1.5443,1.5108,1.537,2006653.7
1736704800000,1736704800000,1.537,1.5447,1.4946,1.5107,1559054.1
1736726400000,1736726400000,1.5107,1.5426,1.4473,1.4542,4743191.8
1736748000000,1736748000000,1.4542,1.4619,1.3595,1.36,7340456.0
1736769600000,1736769600000,1.36,1.4293,1.35,1.3948,6617740.8
1736791200000,1736791200000,1.3948,1.472,1.3736,1.4524,3870488.9
1736812800000,1736812800000,1.4524,1.4832,1.4395,1.4614,2262291.7
1736834400000,1736834400000,1.4614,1.515,1.4571,1.4892,2589058.8
1736856000000,1736856000000,1.4892,1.5069,1.4668,1.4887,4240856.6
1736877600000,1736877600000,1.4887,1.5139,1.4785,1.5001,2193449.5
1736899200000,1736899200000,1.5001,1.5133,1.4883,1.5027,1782070.4
1736920800000,1736920800000,1.5027,1.5158,1.4689,1.4797,2424727.1
1736942400000,1736942400000,1.4797,1.5824,1.4699,1.5495,7261985.0
1736964000000,1736964000000,1.5495,1.6169,1.5495,1.6149,2639328.3
1736985600000,1736985600000,1.6149,1.6166,1.559,1.5676,4486102.2
1737007200000,1737007200000,1.5676,1.5781,1.5333,1.5661,3236237.0
1737028800000,1737028800000,1.5661,1.5949,1.5262,1.5785,5343101.9
1737050400000,1737050400000,1.5785,1.5914,1.5447,1.5546,2148069.0
1737072000000,1737072000000,1.5546,1.6773,1.5546,1.6707,6445760.9
1737093600000,1737093600000,1.6707,1.6838,1.645,1.6683,4429129.8
1737115200000,1737115200000,1.6683,1.6822,1.6461,1.6487,4809266.1
1737136800000,1737136800000,1.6487,1.6848,1.6456,1.6772,3379480.7
1737158400000,1737158400000,1.6772,1.7238,1.5823,1.5823,7940968.4
1737180000000,1737180000000,1.5823,1.6174,1.5677,1.6007,3778057.9
1737201600000,1737201600000,1.6007,1.6044,1.5387,1.5466,5675255.5
1737223200000,1737223200000,1.5466,1.5783,1.5368,1.5754,2705262.2
1737244800000,1737244800000,1.5754,1.6058,1.5258,1.5443,3942026.8
1737266400000,1737266400000,1.5443,1.546,1.4377,1.4477,8629660.8
1737288000000,1737288000000,1.4477,1.5438,1.4463,1.5414,6069250.6
1737309600000,1737309600000,1.5414,1.5643,1.3762,1.4084,14856842.3
1737331200000,1737331200000,1.4084,1.4356,1.352,1.4157,11994186.7
1737352800000,1737352800000,1.4157,1.561,1.4134,1.5075,14808933.1
1737374400000,1737374400000,1.5075,1.5096,1.373,1.4102,16532685.3
1737396000000,1737396000000,1.4102,1.4434,1.3949,1.4174,4502651.2
1737417600000,1737417600000,1.4174,1.4204,1.3552,1.3603,4623855.8
1737439200000,1737439200000,1.3603,1.4296,1.3541,1.4289,3506359.5
1737460800000,1737460800000,1.4289,1.4956,1.4196,1.4945,3921346.3
1737482400000,1737482400000,1.4945,1.5202,1.47,1.4828,7167329.9
1737504000000,1737504000000,1.4828,1.4932,1.4581,1.4709,2673435.9
1737525600000,1737525600000,1.4709,1.4783,1.4403,1.4586,1918312.4
1737547200000,1737547200000,1.4586,1.4681,1.4253,1.4487,3107152.5
1737568800000,1737568800000,1.4487,1.4538,1.4006,1.409,2963671.2
1737590400000,1737590400000,1.409,1.4099,1.3678,1.3825,2216703.8
1737612000000,1737612000000,1.3825,1.4005,1.371,1.3818,1629340.9
1737633600000,1737633600000,1.3818,1.4408,1.3601,1.4116,9556698.5
1737655200000,1737655200000,1.4116,1.4135,1.3452,1.3987,6794610.4
1737676800000,1737676800000,1.3987,1.4285,1.3489,1.4275,3607754.4
1737698400000,1737698400000,1.4275,1.4358,1.4008,1.4301,3409362.1
1737720000000,1737720000000,1.4301,1.441,1.4054,1.4195,2922003.8
1737741600000,1737741600000,1.4195,1.4243,1.3626,1.3696,2185133.4
1737763200000,1737763200000,1.3696,1.3957,1.3526,1.3775,2260154.4
1737784800000,1737784800000,1.3775,1.3847,1.361,1.3817,1671313.9
1737806400000,1737806400000,1.3817,1.4023,1.3758,1.3988,1365981.5
1737828000000,1737828000000,1.3988,1.4069,1.3863,1.3882,802592.5
1737849600000,1737849600000,1.3882,1.4181,1.3828,1.408,839331.7
1737871200000,1737871200000,1.408,1.4127,1.3835,1.3965,852088.5
1737892800000,1737892800000,1.3965,1.4017,1.3867,1.3965,1079436.3
1737914400000,1737914400000,1.3965,1.403,1.3275,1.3295,4248705.5
1737936000000,1737936000000,1.3295,1.3309,1.2539,1.2676,7623138.4
1737957600000,1737957600000,1.2676,1.2735,1.1985,1.2162,7074778.5
1737979200000,1737979200000,1.2162,1.2715,1.2139,1.234,4122827.1
1738000800000,1738000800000,1.234,1.2905,1.2206,1.2821,3011402.2
1738022400000,1738022400000,1.2821,1.3034,1.2658,1.295,1507512.5
1738044000000,1738044000000,1.295,1.299,1.2792,1.2855,1431811.1
1738065600000,1738065600000,1.2855,1.3039,1.2672,1.2845,3607891.0
1738087200000,1738087200000,1.2845,1.292,1.2144,1.2268,2943875.1
1738108800000,1738108800000,1.2268,1.2606,1.2203,1.2605,1657929.0
1738130400000,1738130400000,1.2605,1.2817,1.2488,1.2612,1128029.7
1738152000000,1738152000000,1.2612,1.2645,1.2227,1.2436,1583292.7
1738173600000,1738173600000,1.2436,1.2933,1.2153,1.2469,2704034.4
1738195200000,1738195200000,1.2469,1.3026,1.2367,1.2875,1460701.1
1738216800000,1738216800000,1.2875,1.3013,1.2771,1.301,1936090.9
1738238400000,1738238400000,1.301,1.3627,1.2911,1.3396,3553905.0
1738260000000,1738260000000,1.3396,1.3397,1.3163,1.3165,1572540.4
1738281600000,1738281600000,1.3165,1.3586,1.3035,1.3282,3801619.5
1738303200000,1738303200000,1.3282,1.3709,1.324,1.3595,4110172.5
1738324800000,1738324800000,1.3595,1.3844,1.3525,1.3645,3612850.7
1738346400000,1738346400000,1.3645,1.3701,1.3091,1.3302,2509634.1
1738368000000,1738368000000,1.3302,1.3444,1.315,1.3388,1380203.1
1738389600000,1738389600000,1.3388,1.3397,1.2894,1.3043,2046348.1
1738411200000,1738411200000,1.3043,1.3063,1.28,1.2912,1186756.1
1738432800000,1738432800000,1.2912,1.2922,1.2047,1.2167,4265720.6
1738454400000,1738454400000,1.2167,1.2407,1.1766,1.2002,7412689.7
1738476000000,1738476000000,1.2002,1.2068,1.1591,1.1634,4517904.7
1738497600000,1738497600000,1.1634,1.1787,1.0757,1.0898,8280889.0
1738519200000,1738519200000,1.0898,1.1004,0.9711,1.0347,19158687.2
1738540800000,1738540800000,1.0347,1.0358,0.7481,0.8949,43854409.4
1738562400000,1738562400000,0.8949,0.9467,0.8811,0.9274,7367595.7
1738584000000,1738584000000,0.9274,1.0017,0.8907,0.9933,12247334.1
1738605600000,1738605600000,0.9933,1.0599,0.9881,1.0504,4040640.4
1738627200000,1738627200000,1.0504,1.0831,0.9973,0.9988,7754070.6
1738648800000,1738648800000,0.9988,1.0306,0.9722,1.0088,4423024.2
1738670400000,1738670400000,1.0088,1.0485,1.0035,1.0243,4656332.3
1738692000000,1738692000000,1.0243,1.061,0.9795,1.0122,5296179.6
1738713600000,1738713600000,1.0122,1.0346,0.9938,1.028,2401317.1
1738735200000,1738735200000,1.028,1.0295,0.9994,1.0247,1451489.6
1738756800000,1738756800000,1.0247,1.0294,0.9733,0.9831,2739067.3
1738778400000,1738778400000,0.9831,0.9974,0.9598,0.9704,2328529.7
1738800000000,1738800000000,0.9704,0.9866,0.9608,0.9791,1200017.8
1738821600000,1738821600000,0.9791,0.9939,0.9625,0.9696,1477385.4
1738843200000,1738843200000,0.9696,0.9712,0.9023,0.9099,4563234.0
1738864800000,1738864800000,0.9099,0.9145,0.8876,0.8972,2659295.6
1738886400000,1738886400000,0.8972,0.9307,0.8965,0.9113,1897818.3
1738908000000,1738908000000,0.9113,0.9276,0.8862,0.9247,2077066.5
1738929600000,1738929600000,0.9247,0.9556,0.8871,0.8934,5390162.5
1738951200000,1738951200000,0.8934,0.9082,0.8463,0.8698,2427963.0
1738972800000,1738972800000,0.8698,0.8794,0.8453,0.8522,1922268.3
1738994400000,1738994400000,0.8522,0.8693,0.846,0.858,1478999.1
1739016000000,1739016000000,0.858,0.8862,0.8499,0.8852,1755781.8
1739037600000,1739037600000,0.8852,0.9263,0.8821,0.9115,3879675.9
1739059200000,1739059200000,0.9115,0.9163,0.8832,0.9075,5146617.8
1739080800000,1739080800000,0.9075,0.9284,0.8995,0.9146,1760160.9
1739102400000,1739102400000,0.9146,0.9219,0.8912,0.8993,2255459.1
1739124000000,1739124000000,0.8993,0.9077,0.8587,0.9005,3023310.2
1739145600000,1739145600000,0.9005,0.9342,0.8719,0.9246,2961013.9
1739167200000,1739167200000,0.9246,0.9495,0.9135,0.9421,3530675.3
1739188800000,1739188800000,0.9421,0.9961,0.9403,0.9643,4423735.7
1739210400000,1739210400000,0.9643,0.983,0.9561,0.9664,2432216.4
1739232000000,1739232000000,0.9664,1.0086,0.9656,1.0061,2555333.2
1739253600000,1739253600000,1.0061,1.0114,0.9816,0.9916,2554883.5
1739275200000,1739275200000,0.9916,0.9929,0.9365,0.9387,3679590.2
1739296800000,1739296800000,0.9387,0.9427,0.9178,0.9333,1885832.9
1739318400000,1739318400000,0.9333,0.9373,0.9082,0.9266,2033074.1
1739340000000,1739340000000,0.9266,0.9355,0.9176,0.9249,1362139.8
1739361600000,1739361600000,0.9249,0.9821,0.8919,0.9764,7448604.5
1739383200000,1739383200000,0.9764,1.005,0.9586,0.9851,2004865.2
1739404800000,1739404800000,0.9851,1.0074,0.9782,0.9813,1427150.7
1739426400000,1739426400000,0.9813,0.9829,0.9422,0.9489,2290776.6
1739448000000,1739448000000,0.9489,0.9619,0.934,0.9461,3413233.9
1739469600000,1739469600000,0.9461,0.9646,0.941,0.9554,1191857.7
1739491200000,1739491200000,0.9554,0.984,0.9486,0.97,1527336.5
1739512800000,1739512800000,0.97,0.9881,0.9639,0.9788,1625396.4
1739534400000,1739534400000,0.9788,1.0139,0.972,1.0076,2591877.6
1739556000000,1739556000000,1.0076,1.0122,0.9689,0.9852,1461404.6
1739577600000,1739577600000,0.9852,0.9908,0.9717,0.9726,1284776.4
1739599200000,1739599200000,0.9726,0.9733,0.9551,0.9588,1772477.6
1739620800000,1739620800000,0.9588,0.9623,0.9254,0.932,3443734.4
1739642400000,1739642400000,0.932,0.9457,0.9233,0.9327,1711291.3
1739664000000,1739664000000,0.9327,0.9427,0.9225,0.9335,997045.1
1739685600000,1739685600000,0.9335,0.9601,0.9242,0.9567,1507041.1
1739707200000,1739707200000,0.9567,0.9571,0.9227,0.9267,1781365.6
1739728800000,1739728800000,0.9267,0.9352,0.9145,0.9291,1269957.4
1739750400000,1739750400000,0.9291,0.9423,0.9101,0.9243,1551855.9
1739772000000,1739772000000,0.9243,0.9435,0.9122,0.9394,1753066.1
1739793600000,1739793600000,0.9394,0.9621,0.9098,0.9117,3028866.4
1739815200000,1739815200000,0.9117,0.9334,0.8994,0.9216,985536.6
1739836800000,1739836800000,0.9216,0.9251,0.8879,0.8894,1937720.1
1739858400000,1739858400000,0.8894,0.8909,0.8665,0.8807,3365813.3
1739880000000,1739880000000,0.8807,0.9031,0.8475,0.8611,6460663.9
1739901600000,1739901600000,0.8611,0.8761,0.8518,0.8745,1501268.4
1739923200000,1739923200000,0.8745,0.88,0.8589,0.8673,1254537.4
1739944800000,1739944800000,0.8673,0.906,0.8656,0.9052,3752295.6
1739966400000,1739966400000,0.9052,0.9066,0.8714,0.882,1932367.5
1739988000000,1739988000000,0.882,0.8912,0.8701,0.8869,993322.0
1740009600000,1740009600000,0.8869,0.929,0.8854,0.9139,2369439.8
1740031200000,1740031200000,0.9139,0.9277,0.9017,0.9241,1594235.3
1740052800000,1740052800000,0.9241,0.9347,0.9081,0.9296,1945955.1
1740074400000,1740074400000,0.9296,0.9517,0.9278,0.9479,1302042.8
1740096000000,1740096000000,0.9479,0.9538,0.9337,0.9408,1469253.6
1740117600000,1740117600000,0.9408,0.961,0.9348,0.9514,1860108.1
1740139200000,1740139200000,0.9514,0.9763,0.9178,0.919,5683172.3
1740160800000,1740160800000,0.919,0.9229,0.8827,0.9009,6275929.7
1740182400000,1740182400000,0.9009,0.9229,0.8919,0.9202,1099980.8
1740204000000,1740204000000,0.9202,0.9222,0.9078,0.915,1120506.3
1740225600000,1740225600000,0.915,0.9305,0.9126,0.9293,1491182.3
1740247200000,1740247200000,0.9293,0.9321,0.9201,0.9281,534552.2
1740268800000,1740268800000,0.9281,0.9493,0.9246,0.9329,1862773.0
1740290400000,1740290400000,0.9329,0.9456,0.9276,0.9285,1094598.3
1740312000000,1740312000000,0.9285,0.9323,0.9032,0.9159,1288279.9
1740333600000,1740333600000,0.9159,0.9196,0.9001,0.913,745675.9
1740355200000,1740355200000,0.913,0.9205,0.8662,0.8835,2812555.8
1740376800000,1740376800000,0.8835,0.8864,0.8548,0.8682,1761483.3
1740398400000,1740398400000,0.8682,0.8686,0.8272,0.8391,5751153.7
1740420000000,1740420000000,0.8391,0.8417,0.7683,0.7786,8715527.9
1740441600000,1740441600000,0.7786,0.785,0.7526,0.7682,4151813.0
1740463200000,1740463200000,0.7682,0.7707,0.7073,0.76,11739160.2
1740484800000,1740484800000,0.76,0.7694,0.7265,0.7529,5015602.5
1740506400000,1740506400000,0.7529,0.7877,0.7435,0.7825,2439958.9
1740528000000,1740528000000,0.7825,0.8029,0.7751,0.7842,1689045.5
1740549600000,1740549600000,0.7842,0.8069,0.7839,0.7927,3646051.3
1740571200000,1740571200000,0.7927,0.8117,0.7626,0.7738,5706971.2
1740592800000,1740592800000,0.7738,0.8087,0.7537,0.7957,5941785.4
1740614400000,1740614400000,0.7957,0.8363,0.7826,0.8337,2125428.3
1740636000000,1740636000000,0.8337,0.9103,0.8328,0.8906,9680102.7
1740657600000,1740657600000,0.8906,0.8915,0.8399,0.8475,6775247.4
1740679200000,1740679200000,0.8475,0.8545,0.8187,0.8349,2784682.0
1740700800000,1740700800000,0.8349,0.836,0.7627,0.7773,7899417.2
1740722400000,1740722400000,0.7773,0.7999,0.7648,0.7795,3972741.5
1740744000000,1740744000000,0.7795,0.8407,0.7777,0.8312,3554346.6
1740765600000,1740765600000,0.8312,0.8441,0.8254,0.831,1559259.8
1740787200000,1740787200000,0.831,0.8433,0.8154,0.828,2254452.2
1740808800000,1740808800000,0.828,0.8289,0.7937,0.7985,2068582.1
1740830400000,1740830400000,0.7985,0.8036,0.7848,0.7903,2142722.6
1740852000000,1740852000000,0.7903,0.8164,0.7889,0.8105,1350225.4
1740873600000,1740873600000,0.8105,0.8105,0.7932,0.7971,1465278.5
1740895200000,1740895200000,0.7971,0.8045,0.7886,0.7973,1356473.0
1740916800000,1740916800000,0.7973,0.8901,0.7827,0.8785,6738509.1
1740938400000,1740938400000,0.8785,0.8873,0.8597,0.8793,2282154.3
1740960000000,1740960000000,0.8793,0.8818,0.8339,0.8534,2015844.2
1740981600000,1740981600000,0.8534,0.854,0.8042,0.82,2044388.7
1741003200000,1741003200000,0.82,0.8332,0.7896,0.7919,3955410.9
1741024800000,1741024800000,0.7919,0.7928,0.7177,0.7276,5907279.8
1741046400000,1741046400000,0.7276,0.7309,0.6679,0.6954,7813436.0
1741068000000,1741068000000,0.6954,0.6974,0.6726,0.6821,2822495.7
1741089600000,1741089600000,0.6821,0.7078,0.6456,0.6844,9151149.4
1741111200000,1741111200000,0.6844,0.7193,0.6808,0.7045,5766878.5
1741132800000,1741132800000,0.7045,0.7117,0.6888,0.6925,2632103.1
1741154400000,1741154400000,0.6925,0.7331,0.6856,0.7153,3925013.5
1741176000000,1741176000000,0.7153,0.7305,0.7009,0.7279,4508601.8
1741197600000,1741197600000,0.7279,0.7406,0.7183,0.7339,2025797.3
1741219200000,1741219200000,0.7339,0.766,0.7263,0.7558,2911212.7
1741240800000,1741240800000,0.7558,0.7607,0.7368,0.747,2632874.7
1741262400000,1741262400000,0.747,0.7484,0.7103,0.7162,6191704.5
1741284000000,1741284000000,0.7162,0.7311,0.7074,0.7219,1756677.0
1741305600000,1741305600000,0.7219,0.7301,0.6777,0.7107,5756491.1
1741327200000,1741327200000,0.7107,0.7352,0.7059,0.7324,1569547.1
1741348800000,1741348800000,0.7324,0.747,0.7078,0.7196,4232449.9
1741370400000,1741370400000,0.7196,0.7441,0.7031,0.7096,4160523.7
1741392000000,1741392000000,0.7096,0.7175,0.6935,0.6977,1630522.0
1741413600000,1741413600000,0.6977,0.7019,0.6755,0.6801,1940880.6
1741435200000,1741435200000,0.6801,0.6936,0.6752,0.6864,1891290.4
1741456800000,1741456800000,0.6864,0.6932,0.6778,0.683,2445349.7
1741478400000,1741478400000,0.683,0.6902,0.6777,0.6829,1214045.5
1741500000000,1741500000000,0.6829,0.686,0.6604,0.6665,1999245.0
1741521600000,1741521600000,0.6665,0.676,0.6229,0.6237,8725177.9
1741543200000,1741543200000,0.6237,0.6344,0.6114,0.6226,6397752.3
1741564800000,1741564800000,0.6226,0.6401,0.6081,0.6352,3559867.3
1741586400000,1741586400000,0.6352,0.6636,0.6291,0.6579,3102901.3
1741608000000,1741608000000,0.6579,0.6631,0.5919,0.5947,10129625.9
1741629600000,1741629600000,0.5947,0.605,0.5719,0.581,6247815.9
1741651200000,1741651200000,0.581,0.5985,0.5423,0.5968,11135905.6
1741672800000,1741672800000,0.5968,0.6074,0.5925,0.6013,3302735.5
1741694400000,1741694400000,0.6013,0.6175,0.5746,0.5966,7514764.2
1741716000000,1741716000000,0.5966,0.626,0.5966,0.6118,2494680.2
1741737600000,1741737600000,0.6118,0.6216,0.5902,0.6013,2515371.0
1741759200000,1741759200000,0.6013,0.6371,0.5946,0.6329,3303346.0
1741780800000,1741780800000,0.6329,0.6544,0.6046,0.6212,6177339.5
1741802400000,1741802400000,0.6212,0.6374,0.62,0.6352,1223886.6
1741824000000,1741824000000,0.6352,0.6423,0.62,0.6213,1648102.6
1741845600000,1741845600000,0.6213,0.6365,0.6164,0.6342,1854247.2
1741867200000,1741867200000,0.6342,0.6462,0.5995,0.6016,2972181.1
1741888800000,1741888800000,0.6016,0.6227,0.5986,0.6159,1193963.7
1741910400000,1741910400000,0.6159,0.6243,0.6128,0.6239,1338562.4
1741932000000,1741932000000,0.6239,0.6403,0.6196,0.637,3136083.4
1741953600000,1741953600000,0.637,0.659,0.6345,0.6478,3551212.3
1741975200000,1741975200000,0.6478,0.6526,0.6388,0.6397,1385188.2
1741996800000,1741996800000,0.6397,0.6605,0.6375,0.6513,2174352.5
1742018400000,1742018400000,0.6513,0.6517,0.6425,0.6509,1192581.3
1742040000000,1742040000000,0.6509,0.6589,0.6476,0.6567,1442813.5
1742061600000,1742061600000,0.6567,0.6641,0.651,0.6563,934758.9
1742083200000,1742083200000,0.6563,0.6573,0.6433,0.6544,1234774.8
1742104800000,1742104800000,0.6544,0.6544,0.6215,0.6229,2204071.5
1742126400000,1742126400000,0.6229,0.6405,0.6146,0.6305,3613145.3
1742148000000,1742148000000,0.6305,0.6312,0.6107,0.6168,1849273.4
1742169600000,1742169600000,0.6168,0.6351,0.616,0.6273,1435345.9
1742191200000,1742191200000,0.6273,0.6361,0.6197,0.6328,1851302.5
1742212800000,1742212800000,0.6328,0.643,0.618,0.6376,4633469.1
1742234400000,1742234400000,0.6376,0.6448,0.6233,0.6252,2706774.7
1742256000000,1742256000000,0.6252,0.6257,0.6026,0.608,3428849.9
1742277600000,1742277600000,0.608,0.6137,0.5989,0.6005,4298177.5
1742299200000,1742299200000,0.6005,0.6035,0.5872,0.5919,3696896.0
1742320800000,1742320800000,0.5919,0.6178,0.591,0.6143,1921020.9
1742342400000,1742342400000,0.6143,0.6214,0.6106,0.6204,1208505.4
1742364000000,1742364000000,0.6204,0.6386,0.6172,0.6365,2038023.5
1742385600000,1742385600000,0.6365,0.6484,0.6299,0.6455,4609727.6
1742407200000,1742407200000,0.6455,0.6674,0.64,0.6598,3989948.4
1742428800000,1742428800000,0.6598,0.6659,0.6429,0.6466,2826860.5
1742450400000,1742450400000,0.6466,0.6546,0.6351,0.6398,1802945.5
1742472000000,1742472000000,0.6398,0.651,0.6291,0.6368,2769528.5
1742493600000,1742493600000,0.6368,0.6449,0.6331,0.6433,1780442.2
1742515200000,1742515200000,0.6433,0.6486,0.6343,0.6374,1442956.9
1742536800000,1742536800000,0.6374,0.6374,0.6156,0.6188,1379506.8
1742558400000,1742558400000,0.6188,0.6222,0.6118,0.6197,1904718.6
1742580000000,1742580000000,0.6197,0.6253,0.6164,0.6192,1098652.8
1742601600000,1742601600000,0.6192,0.6269,0.6138,0.626,1052307.7
1742623200000,1742623200000,0.626,0.6325,0.6254,0.6299,1041935.9
1742644800000,1742644800000,0.6299,0.6304,0.6216,0.6288,1017303.4
1742666400000,1742666400000,0.6288,0.6314,0.6169,0.6203,2002201.4
1742688000000,1742688000000,0.6203,0.6287,0.6178,0.628,1386706.0
1742709600000,1742709600000,0.628,0.6457,0.6255,0.6392,3194947.1
1742731200000,1742731200000,0.6392,0.6405,0.6243,0.6261,1571499.3
1742752800000,1742752800000,0.6261,0.631,0.6209,0.631,931618.9
1742774400000,1742774400000,0.631,0.6581,0.622,0.6553,3208936.5
1742796000000,1742796000000,0.6553,0.6801,0.6553,0.6797,5718886.2
1742817600000,1742817600000,0.6797,0.6947,0.6682,0.6846,4385648.1
1742839200000,1742839200000,0.6846,0.6936,0.6763,0.6837,2941668.9
1742860800000,1742860800000,0.6837,0.6983,0.6741,0.69,3079679.1
1742882400000,1742882400000,0.69,0.7019,0.6841,0.6949,3064953.7
1742904000000,1742904000000,0.6949,0.7081,0.6869,0.6987,2148562.0
1742925600000,1742925600000,0.6987,0.7048,0.6913,0.6981,1319945.5
1742947200000,1742947200000,0.6981,0.7559,0.6941,0.7282,9985783.9
1742968800000,1742968800000,0.7282,0.7372,0.7233,0.7287,2536540.3
1742990400000,1742990400000,0.7287,0.7305,0.7034,0.7196,4140616.2
1743012000000,1743012000000,0.7196,0.737,0.711,0.7197,3627277.3
1743033600000,1743033600000,0.7197,0.7713,0.7192,0.7422,7451989.2
1743055200000,1743055200000,0.7422,0.7539,0.7331,0.7354,4525572.3
1743076800000,1743076800000,0.7354,0.7401,0.7174,0.719,3677965.1
1743098400000,1743098400000,0.719,0.7328,0.7177,0.7267,791853.4
1743120000000,1743120000000,0.7267,0.7272,0.6815,0.6818,4881904.7
1743141600000,1743141600000,0.6818,0.6861,0.6652,0.6722,2994648.6
1743163200000,1743163200000,0.6722,0.6783,0.6508,0.6557,2948445.7
1743184800000,1743184800000,0.6557,0.6617,0.6467,0.6593,1579804.9
1743206400000,1743206400000,0.6593,0.6609,0.6399,0.6431,2559163.9
1743228000000,1743228000000,0.6431,0.6431,0.6203,0.6248,2938400.3
1743249600000,1743249600000,0.6248,0.6386,0.6125,0.6199,2491363.3
1743271200000,1743271200000,0.6199,0.6239,0.6127,0.6209,997012.2
1743292800000,1743292800000,0.6209,0.6339,0.6137,0.6222,1871288.8
1743314400000,1743314400000,0.6222,0.6304,0.6158,0.6209,1524900.6
1743336000000,1743336000000,0.6209,0.6261,0.6076,0.6149,1896600.0
1743357600000,1743357600000,0.6149,0.6286,0.6016,0.6079,2425950.8
1743379200000,1743379200000,0.6079,0.6167,0.5949,0.6129,1681425.7
1743400800000,1743400800000,0.6129,0.6145,0.59,0.607,2917273.5
1743422400000,1743422400000,0.607,0.6238,0.5984,0.6081,2875037.0
1743444000000,1743444000000,0.6081,0.6184,0.6032,0.6064,1702301.0
1743465600000,1743465600000,0.6064,0.6219,0.6018,0.6177,1421265.5
1743487200000,1743487200000,0.6177,0.6357,0.6145,0.6215,2548548.2
1743508800000,1743508800000,0.6215,0.6339,0.6093,0.6247,3652108.1
1743530400000,1743530400000,0.6247,0.6251,0.6088,0.6171,1692428.8
1743552000000,1743552000000,0.6171,0.6171,0.5916,0.5927,3353699.2
1743573600000,1743573600000,0.5927,0.6131,0.5921,0.5999,3080767.4
1743595200000,1743595200000,0.5999,0.6303,0.5957,0.6159,5160592.0
1743616800000,1743616800000,0.6159,0.636,0.5657,0.5751,9339883.6
1743638400000,1743638400000,0.5751,0.6013,0.5711,0.5917,2806357.9
1743660000000,1743660000000,0.5917,0.5954,0.5599,0.5666,4628623.2
1743681600000,1743681600000,0.5666,0.5728,0.5541,0.5702,3768332.6
1743703200000,1743703200000,0.5702,0.5819,0.5681,0.5786,1746768.3
1743724800000,1743724800000,0.5786,0.5844,0.5715,0.5835,1929874.1
1743746400000,1743746400000,0.5835,0.5949,0.5629,0.5739,3654366.8
1743768000000,1743768000000,0.5739,0.6119,0.5661,0.6074,5809747.2
1743789600000,1743789600000,0.6074,0.6088,0.5973,0.6016,1416383.8
1743811200000,1743811200000,0.6016,0.6097,0.5978,0.6048,1423303.5
1743832800000,1743832800000,0.6048,0.6147,0.6037,0.6087,2110555.8
1743854400000,1743854400000,0.6087,0.6094,0.5887,0.5949,2948495.6
1743876000000,1743876000000,0.5949,0.6009,0.5865,0.5991,1611734.3
1743897600000,1743897600000,0.5991,0.607,0.5954,0.6037,2467117.1
1743919200000,1743919200000,0.6037,0.6108,0.5996,0.6085,3173485.0
1743940800000,1743940800000,0.6085,0.6085,0.5555,0.5593,6304857.2
1743962400000,1743962400000,0.5593,0.5594,0.5175,0.5308,12582397.5
1743984000000,1743984000000,0.5308,0.5455,0.5126,0.5181,5569050.7
1744005600000,1744005600000,0.5181,0.5223,0.4764,0.5093,16857733.3
1744027200000,1744027200000,0.5093,0.5625,0.5045,0.5406,18256863.8
1744048800000,1744048800000,0.5406,0.5602,0.5314,0.5507,3560313.1
1744070400000,1744070400000,0.5507,0.5724,0.5486,0.5689,4018264.2
1744092000000,1744092000000,0.5689,0.5763,0.5506,0.5758,3252176.6
1744113600000,1744113600000,0.5758,0.578,0.537,0.5451,7253853.8
1744135200000,1744135200000,0.5451,0.5511,0.5282,0.5346,3007249.3
1744156800000,1744156800000,0.5346,0.5483,0.5164,0.5472,6250293.8
1744178400000,1744178400000,0.5472,0.5602,0.5399,0.5434,6119529.8
1744200000000,1744200000000,0.5434,0.5978,0.5392,0.5965,10404708.4
1744221600000,1744221600000,0.5965,0.6137,0.5895,0.6053,4674837.6
1744243200000,1744243200000,0.6053,0.6178,0.5963,0.6114,3891936.9
1744264800000,1744264800000,0.6114,0.6209,0.5943,0.5981,4897441.6
1744286400000,1744286400000,0.5981,0.6107,0.5738,0.5828,8113470.2
1744308000000,1744308000000,0.5828,0.5971,0.5817,0.5938,2064223.3
1744329600000,1744329600000,0.5938,0.6165,0.5898,0.6143,3484332.8
1744351200000,1744351200000,0.6143,0.6236,0.6089,0.6147,3429214.3
1744372800000,1744372800000,0.6147,0.6283,0.608,0.6242,3976260.7
1744394400000,1744394400000,0.6242,0.6285,0.6128,0.615,1175936.6
1744416000000,1744416000000,0.615,0.6173,0.6043,0.6123,1748719.2
1744437600000,1744437600000,0.6123,0.6213,0.6122,0.6182,1258910.6
1744459200000,1744459200000,0.6182,0.6563,0.6166,0.6367,5184159.1
1744480800000,1744480800000,0.6367,0.6534,0.6367,0.6467,1454000.2
1744502400000,1744502400000,0.6467,0.6491,0.6311,0.6352,1725316.2
1744524000000,1744524000000,0.6352,0.6456,0.6335,0.6373,1477924.8
1744545600000,1744545600000,0.6373,0.6417,0.6177,0.6396,3072400.4
1744567200000,1744567200000,0.6396,0.6435,0.6034,0.6128,4135820.9
1744588800000,1744588800000,0.6128,0.6337,0.6105,0.6158,3502529.6
1744610400000,1744610400000,0.6158,0.6266,0.6037,0.6232,3513063.4
1744632000000,1744632000000,0.6232,0.6275,0.5968,0.6094,6328700.9
1744653600000,1744653600000,0.6094,0.6116,0.5956,0.6008,1358569.7
1744675200000,1744675200000,0.6008,0.6081,0.594,0.6025,1692697.5
1744696800000,1744696800000,0.6025,0.6185,0.5989,0.6031,2186537.0
1744718400000,1744718400000,0.6031,0.6108,0.5877,0.589,3856540.2
1744740000000,1744740000000,0.589,0.5909,0.5778,0.5808,1984828.0
1744761600000,1744761600000,0.5808,0.5877,0.5757,0.58,2117612.6
1744783200000,1744783200000,0.58,0.586,0.5731,0.5814,2161330.9
1744804800000,1744804800000,0.5814,0.592,0.5651,0.567,4311031.7
1744826400000,1744826400000,0.567,0.5848,0.5666,0.5762,3511381.4
1744848000000,1744848000000,0.5762,0.588,0.5717,0.5863,2085669.0
1744869600000,1744869600000,0.5863,0.5919,0.5782,0.58,1548673.3
1744891200000,1744891200000,0.58,0.5921,0.5679,0.5908,3515816.9
1744912800000,1744912800000,0.5908,0.5921,0.5781,0.5826,1478621.1
1744934400000,1744934400000,0.5826,0.5892,0.5756,0.5892,995518.9
1744956000000,1744956000000,0.5892,0.5954,0.5862,0.5949,2457208.7
1744977600000,1744977600000,0.5949,0.5991,0.5874,0.5969,2879089.6
1744999200000,1744999200000,0.5969,0.5981,0.5879,0.592,1545811.0
1745020800000,1745020800000,0.592,0.6044,0.5886,0.6012,2996561.7
1745042400000,1745042400000,0.6012,0.6123,0.5992,0.6035,2032212.4
1745064000000,1745064000000,0.6035,0.6125,0.6001,0.6108,2818569.9
1745085600000,1745085600000,0.6108,0.6185,0.6106,0.6139,1584459.4
1745107200000,1745107200000,0.6139,0.6461,0.6119,0.6318,7249168.4
1745128800000,1745128800000,0.6318,0.6369,0.6034,0.6081,4646564.6
1745150400000,1745150400000,0.6081,0.6252,0.6081,0.6244,1960615.4
1745172000000,1745172000000,0.6244,0.6383,0.6221,0.6335,2673005.2
1745193600000,1745193600000,0.6335,0.7226,0.6324,0.6956,31654990.6
1745215200000,1745215200000,0.6956,0.7159,0.6904,0.7015,11751388.9
1745236800000,1745236800000,0.7015,0.7218,0.6922,0.7038,13733827.2
1745258400000,1745258400000,0.7038,0.7238,0.6929,0.7,12256644.0
1745280000000,1745280000000,0.7,0.7789,0.6902,0.7467,42057052.0
1745301600000,1745301600000,0.7467,0.7597,0.7319,0.7563,13354764.0
1745323200000,1745323200000,0.7563,0.7773,0.7505,0.7749,16551721.5
1745344800000,1745344800000,0.7749,0.8268,0.7721,0.8154,16422663.0
1745366400000,1745366400000,0.8154,0.8221,0.7918,0.7985,14161946.3
1745388000000,1745388000000,0.7985,0.8239,0.7984,0.8015,11095143.1
1745409600000,1745409600000,0.8015,0.8077,0.7572,0.7731,17665272.2
1745431200000,1745431200000,0.7731,0.7884,0.7643,0.7777,6137012.3
1745452800000,1745452800000,0.7777,0.7806,0.7453,0.7502,8423445.2
1745474400000,1745474400000,0.7502,0.7709,0.7368,0.7695,4982191.8
1745496000000,1745496000000,0.7695,0.8596,0.7656,0.8216,31107504.6
1745517600000,1745517600000,0.8216,0.8789,0.8214,0.8721,10618576.4
1745539200000,1745539200000,0.8721,0.9244,0.8556,0.9008,25824893.3
1745560800000,1745560800000,0.9008,0.9148,0.8764,0.8956,12945126.7
1745582400000,1745582400000,0.8956,0.9106,0.8644,0.8696,11858235.3
1745604000000,1745604000000,0.8696,0.8805,0.8566,0.8687,3770357.4
1745625600000,1745625600000,0.8687,0.8853,0.8553,0.8634,6411086.8
1745647200000,1745647200000,0.8634,0.8783,0.8444,0.8486,4103260.3
1745668800000,1745668800000,0.8486,0.8552,0.8381,0.8466,3938447.2
1745690400000,1745690400000,0.8466,0.8511,0.8388,0.8505,2156221.0
1745712000000,1745712000000,0.8505,0.9318,0.8492,0.8976,21164289.7
1745733600000,1745733600000,0.8976,0.9072,0.8675,0.8679,6473302.1
1745755200000,1745755200000,0.8679,0.8878,0.8426,0.8651,10077016.3
1745776800000,1745776800000,0.8651,0.8689,0.839,0.8403,4446981.5
1745798400000,1745798400000,0.8403,0.8471,0.8184,0.8471,6499625.5
1745820000000,1745820000000,0.8471,0.898,0.8436,0.8867,11733247.4
1745841600000,1745841600000,0.8867,0.887,0.8237,0.8385,11996550.5
1745863200000,1745863200000,0.8385,0.8496,0.8252,0.8493,3808345.7
1745884800000,1745884800000,0.8493,0.885,0.8393,0.8475,11044498.0
1745906400000,1745906400000,0.8475,0.8559,0.83,0.8337,5317843.1
1745928000000,1745928000000,0.8337,0.8392,0.8203,0.8383,4704107.2
1745949600000,1745949600000,0.8383,0.841,0.8127,0.8234,3343118.7
1745971200000,1745971200000,0.8234,0.8302,0.8078,0.8106,3880057.7
1745992800000,1745992800000,0.8106,0.8206,0.795,0.8176,4676926.4
1746014400000,1746014400000,0.8176,0.8185,0.7659,0.7956,9231985.4
1746036000000,1746036000000,0.7956,0.8201,0.7939,0.8134,2824134.5
1746057600000,1746057600000,0.8134,0.8324,0.8087,0.8252,2817324.8
1746079200000,1746079200000,0.8252,0.8551,0.8178,0.8512,8463693.6
1746100800000,1746100800000,0.8512,0.8536,0.8247,0.8392,6138635.3
1746122400000,1746122400000,0.8392,0.8481,0.832,0.8339,3295172.6
1746144000000,1746144000000,0.8339,0.849,0.8225,0.8281,4082744.3
1746165600000,1746165600000,0.8281,0.8335,0.808,0.8186,4177198.1
1746187200000,1746187200000,0.8186,0.8387,0.8127,0.8216,3984512.3
1746208800000,1746208800000,0.8216,0.8248,0.8049,0.8239,1885425.9
1746230400000,1746230400000,0.8239,0.8276,0.8052,0.8099,2348661.7
1746252000000,1746252000000,0.8099,0.8103,0.7861,0.7863,2940416.0
1746273600000,1746273600000,0.7863,0.796,0.7704,0.7785,3932220.0
1746295200000,1746295200000,0.7785,0.7798,0.768,0.7711,1360909.0
1746316800000,1746316800000,0.7711,0.7972,0.7645,0.7935,3676449.6
1746338400000,1746338400000,0.7935,0.7995,0.7727,0.777,2710057.1
1746360000000,1746360000000,0.777,0.7801,0.7567,0.7643,3022972.5
1746381600000,1746381600000,0.7643,0.7679,0.7513,0.7557,1843092.2
1746403200000,1746403200000,0.7557,0.7698,0.7423,0.7691,3088737.7
1746424800000,1746424800000,0.7691,0.7771,0.748,0.7519,3137507.9
1746446400000,1746446400000,0.7519,0.7639,0.7427,0.7619,3731201.8
1746468000000,1746468000000,0.7619,0.7788,0.7498,0.7693,5090049.5
1746489600000,1746489600000,0.7693,0.789,0.7584,0.7745,6133427.2
1746511200000,1746511200000,0.7745,0.781,0.7452,0.7509,3947764.5
1746532800000,1746532800000,0.7509,0.7691,0.7425,0.7529,5604168.8
1746554400000,1746554400000,0.7529,0.8024,0.7293,0.7996,9159920.0
1746576000000,1746576000000,0.7996,0.8497,0.7924,0.8263,17001681.0
1746597600000,1746597600000,0.8263,0.8716,0.8253,0.8699,13350485.0
1746619200000,1746619200000,0.8699,0.8885,0.8383,0.8434,18380730.6
1746640800000,1746640800000,0.8434,0.9,0.8381,0.8953,11230443.5
1746662400000,1746662400000,0.8953,0.9423,0.8829,0.9169,20838814.0
1746684000000,1746684000000,0.9169,0.9439,0.9167,0.9369,7581325.2
1746705600000,1746705600000,0.9369,0.9727,0.9353,0.9615,10975472.9
1746727200000,1746727200000,0.9615,0.9943,0.9594,0.9936,6705200.8
1746748800000,1746748800000,0.9936,0.9946,0.9446,0.9577,11121715.0
1746770400000,1746770400000,0.9577,0.9919,0.9553,0.9716,16188129.3
1746792000000,1746792000000,0.9716,0.9857,0.9627,0.9778,6472787.6
1746813600000,1746813600000,0.9778,0.9782,0.9617,0.9719,3286948.2
1746835200000,1746835200000,0.9719,1.0504,0.966,1.0374,16817231.9
1746856800000,1746856800000,1.0374,1.0448,0.9961,1.0026,13725713.2
1746878400000,1746878400000,1.0026,1.0155,0.9903,1.0054,6711178.1
1746900000000,1746900000000,1.0054,1.045,1.0011,1.0439,5136207.4
1746921600000,1746921600000,1.0439,1.0744,1.0091,1.0197,12533115.0
1746943200000,1746943200000,1.0197,1.0251,0.9755,1.0112,9045096.2
1746964800000,1746964800000,1.0112,1.0167,0.9825,0.9963,3634408.4
1746986400000,1746986400000,0.9963,1.0061,0.9852,0.9968,2773396.7
1747008000000,1747008000000,0.9968,1.0143,0.9814,0.9967,4834795.1
1747029600000,1747029600000,0.9967,1.0416,0.9926,0.9988,7878536.8
1747051200000,1747051200000,0.9988,1.0254,0.9745,0.9829,6095198.4
1747072800000,1747072800000,0.9829,0.9944,0.9342,0.9868,5372411.9
1747094400000,1747094400000,0.9868,0.9873,0.9257,0.9545,5226183.3
1747116000000,1747116000000,0.9545,0.979,0.9503,0.97,3680430.3
1747137600000,1747137600000,0.97,0.9961,0.9535,0.9937,4778853.3
1747159200000,1747159200000,0.9937,1.0185,0.9933,1.0012,3638619.5
1747180800000,1747180800000,1.0012,1.0077,0.9815,0.9972,2958716.6
1747202400000,1747202400000,0.9972,0.998,0.9596,0.9845,3655719.0
1747224000000,1747224000000,0.9845,0.9887,0.93,0.9455,7177622.0
1747245600000,1747245600000,0.9455,0.9534,0.934,0.9399,2270176.8
1747267200000,1747267200000,0.9399,0.9512,0.8891,0.8903,7053119.1
1747288800000,1747288800000,0.8903,0.8963,0.8651,0.8808,6697463.3
1747310400000,1747310400000,0.8808,0.9183,0.861,0.9093,7190728.3
1747332000000,1747332000000,0.9093,0.9113,0.8725,0.8869,5667303.9
1747353600000,1747353600000,0.8869,0.9207,0.8811,0.9023,7128737.4
1747375200000,1747375200000,0.9023,0.9182,0.8868,0.9083,6194472.0
1747396800000,1747396800000,0.9083,0.9134,0.8946,0.8975,2560307.7
1747418400000,1747418400000,0.8975,0.9022,0.865,0.8769,3084895.7
1747440000000,1747440000000,0.8769,0.8771,0.8372,0.8583,6709848.4
1747461600000,1747461600000,0.8583,0.8702,0.8469,0.8501,4606729.4
1747483200000,1747483200000,0.8501,0.8589,0.8347,0.8455,3333265.2
1747504800000,1747504800000,0.8455,0.8556,0.835,0.8448,2927913.3
1747526400000,1747526400000,0.8448,0.8639,0.84,0.8625,3241372.5
1747548000000,1747548000000,0.8625,0.8773,0.8554,0.8621,5764134.0
1747569600000,1747569600000,0.8621,0.9072,0.8574,0.8732,7442044.0
1747591200000,1747591200000,0.8732,0.8929,0.8268,0.8882,8362810.8
1747612800000,1747612800000,0.8882,0.8944,0.8242,0.8336,6850253.2
1747634400000,1747634400000,0.8336,0.8426,0.8217,0.8368,3807917.5
1747656000000,1747656000000,0.8368,0.8599,0.8133,0.8517,5750019.3
1747677600000,1747677600000,0.8517,0.8586,0.8394,0.8565,2756058.5
1747699200000,1747699200000,0.8565,0.8759,0.8485,0.8637,3485385.8
1747720800000,1747720800000,0.8637,0.8665,0.8358,0.8416,5161544.4
1747742400000,1747742400000,0.8416,0.8574,0.832,0.8532,3126091.6
1747764000000,1747764000000,0.8532,0.8825,0.8342,0.8788,3925471.3
1747785600000,1747785600000,0.8788,0.9257,0.8577,0.908,6252539.4
1747807200000,1747807200000,0.908,0.9224,0.889,0.8983,7625431.1
1747828800000,1747828800000,0.8983,0.949,0.8865,0.8967,11972833.4
1747850400000,1747850400000,0.8967,0.94,0.8915,0.9322,4010527.8
1747872000000,1747872000000,0.9322,1.0009,0.9257,0.979,10969169.6
1747893600000,1747893600000,0.979,0.9942,0.9644,0.9732,6567668.8
1747915200000,1747915200000,0.9732,1.0063,0.9585,0.9978,7386154.2
1747936800000,1747936800000,0.9978,1.0217,0.9892,0.999,4352459.8
1747958400000,1747958400000,0.999,1.0242,0.9848,0.9928,7389977.8
1747980000000,1747980000000,0.9928,1.0004,0.9394,0.9461,8810973.2
1748001600000,1748001600000,0.9461,0.9707,0.9105,0.9529,10410610.5
1748023200000,1748023200000,0.9529,0.9572,0.896,0.9025,5257145.8
1748044800000,1748044800000,0.9025,0.9248,0.8969,0.9086,5225621.4
1748066400000,1748066400000,0.9086,0.9188,0.8965,0.9108,2696571.8
1748088000000,1748088000000,0.9108,0.9179,0.9022,0.9088,2348902.3
1748109600000,1748109600000,0.9088,0.9121,0.8874,0.894,2072061.6
1748131200000,1748131200000,0.894,0.8993,0.8757,0.8941,2697634.5
1748152800000,1748152800000,0.8941,0.8945,0.8603,0.864,2698895.5
1748174400000,1748174400000,0.864,0.8709,0.8473,0.8558,3312382.3
1748196000000,1748196000000,0.8558,0.887,0.8546,0.8839,2787235.3
1748217600000,1748217600000,0.8839,0.898,0.876,0.8948,3335534.8
1748239200000,1748239200000,0.8948,0.9055,0.8849,0.8899,3466571.1
1748260800000,1748260800000,0.8899,0.9002,0.8708,0.8744,3300747.0
1748282400000,1748282400000,0.8744,0.8879,0.872,0.8824,1001220.2
1748304000000,1748304000000,0.8824,0.8931,0.8594,0.8718,3647585.2
1748325600000,1748325600000,0.8718,0.8991,0.8718,0.8952,3398619.4
1748347200000,1748347200000,0.8952,0.9151,0.8876,0.8996,5174889.4
1748368800000,1748368800000,0.8996,0.9024,0.8823,0.8871,3206896.4
1748390400000,1748390400000,0.8871,0.8918,0.8686,0.8812,4744269.1
1748412000000,1748412000000,0.8812,0.8816,0.8609,0.8781,2587381.7
1748433600000,1748433600000,0.8781,0.8878,0.8472,0.8565,3590246.2
1748455200000,1748455200000,0.8565,0.864,0.8353,0.8593,3060980.8
1748476800000,1748476800000,0.8593,0.8752,0.8458,0.8514,3595174.2
1748498400000,1748498400000,0.8514,0.8614,0.8498,0.861,2145828.2
1748520000000,1748520000000,0.861,0.8612,0.8236,0.8285,4453211.9
1748541600000,1748541600000,0.8285,0.8368,0.8166,0.8222,3731802.4
1748563200000,1748563200000,0.8222,0.8279,0.7733,0.7938,8921337.2
1748584800000,1748584800000,0.7938,0.7947,0.7761,0.7857,3070709.5
1748606400000,1748606400000,0.7857,0.7894,0.7498,0.7638,6414007.0
1748628000000,1748628000000,0.7638,0.7841,0.7399,0.7454,3354917.5
1748649600000,1748649600000,0.7454,0.7474,0.7059,0.7203,6678855.5
1748671200000,1748671200000,0.7203,0.7296,0.717,0.7199,2243514.3
1748692800000,1748692800000,0.7199,0.7496,0.718,0.739,3091978.5
1748714400000,1748714400000,0.739,0.755,0.7383,0.7408,2008067.8
1748736000000,1748736000000,0.7408,0.7417,0.724,0.7354,2543951.2
1748757600000,1748757600000,0.7354,0.7358,0.7167,0.7274,2605278.8
1748779200000,1748779200000,0.7274,0.7492,0.7217,0.7399,2325666.0
1748800800000,1748800800000,0.7399,0.754,0.7247,0.7505,1993359.6
1748822400000,1748822400000,0.7505,0.7507,0.7271,0.7308,2265192.3
1748844000000,1748844000000,0.7308,0.7426,0.72,0.727,2240451.9
1748865600000,1748865600000,0.727,0.7424,0.7237,0.7342,1920209.6
1748887200000,1748887200000,0.7342,0.7587,0.7253,0.7554,1626779.9
1748908800000,1748908800000,0.7554,0.7836,0.7542,0.782,3183363.7
1748930400000,1748930400000,0.782,0.7907,0.7682,0.7854,2529955.8
1748952000000,1748952000000,0.7854,0.802,0.781,0.7956,5922714.0
1748973600000,1748973600000,0.7956,0.8001,0.7773,0.7825,1782569.5
1748995200000,1748995200000,0.7825,0.7964,0.7763,0.7802,2408531.4
1749016800000,1749016800000,0.7802,0.7832,0.7691,0.7697,1892357.0
1749038400000,1749038400000,0.7697,0.7784,0.7583,0.768,2883005.2
1749060000000,1749060000000,0.768,0.7701,0.7459,0.7489,1560446.6
1749081600000,1749081600000,0.7489,0.7579,0.7422,0.7491,1728323.8
1749103200000,1749103200000,0.7491,0.7579,0.7397,0.7435,2461272.0
1749124800000,1749124800000,0.7435,0.7606,0.7251,0.7288,4714391.2
1749146400000,1749146400000,0.7288,0.7293,0.6714,0.6916,10693092.3
1749168000000,1749168000000,0.6916,0.7056,0.6864,0.702,3006810.8
1749189600000,1749189600000,0.702,0.7156,0.6385,0.6559,21829497.3
1749211200000,1749211200000,0.6559,0.68,0.6468,0.6531,20473431.8
1749232800000,1749232800000,0.6531,0.6531,0.6184,0.6282,14655913.5
1749254400000,1749254400000,0.6282,0.6641,0.627,0.6538,18387142.8
1749276000000,1749276000000,0.6538,0.658,0.6434,0.6502,7249466.4
1749297600000,1749297600000,0.6502,0.6629,0.6489,0.655,6072726.3
1749319200000,1749319200000,0.655,0.6706,0.6549,0.6659,3265492.8
1749340800000,1749340800000,0.6659,0.6733,0.654,0.6554,4033468.9
1749362400000,1749362400000,0.6554,0.6608,0.6456,0.66,3701119.3
1749384000000,1749384000000,0.66,0.6642,0.6543,0.6549,2472157.7
1749405600000,1749405600000,0.6549,0.663,0.6441,0.6465,3395380.0
1749427200000,1749427200000,0.6465,0.6533,0.6366,0.638,3655755.5
1749448800000,1749448800000,0.638,0.6639,0.6362,0.6615,5172105.5
1749470400000,1749470400000,0.6615,0.6795,0.651,0.6737,4192345.0
1749492000000,1749492000000,0.6737,0.7007,0.6709,0.7,3205626.3
1749513600000,1749513600000,0.7,0.7095,0.6855,0.687,4911615.3
1749535200000,1749535200000,0.687,0.7105,0.6826,0.7103,3310570.5
1749556800000,1749556800000,0.7103,0.7166,0.6885,0.6967,5585518.2
1749578400000,1749578400000,0.6967,0.717,0.695,0.7169,2584543.7
1749600000000,1749600000000,0.7169,0.7179,0.7008,0.7074,2057191.7
1749621600000,1749621600000,0.7074,0.7163,0.6964,0.7009,2464140.4
1749643200000,1749643200000,0.7009,0.7245,0.6962,0.7061,5755986.7
1749664800000,1749664800000,0.7061,0.7073,0.6774,0.6877,4030693.7
1749686400000,1749686400000,0.6877,0.6885,0.6691,0.6745,3411846.5
1749708000000,1749708000000,0.6745,0.6784,0.6604,0.6623,4382947.0
1749729600000,1749729600000,0.6623,0.6833,0.6609,0.6763,4119367.3
1749751200000,1749751200000,0.6763,0.6768,0.6392,0.647,5364133.9
1749772800000,1749772800000,0.647,0.6475,0.5974,0.6144,9754047.9
1749794400000,1749794400000,0.6144,0.6243,0.6071,0.6187,3873512.9
1749816000000,1749816000000,0.6187,0.637,0.6082,0.6288,5563197.2
1749837600000,1749837600000,0.6288,0.6372,0.6179,0.6368,4037972.7
1749859200000,1749859200000,0.6368,0.6379,0.6272,0.6357,2177193.4
1749880800000,1749880800000,0.6357,0.6373,0.6278,0.6341,1308451.0
1749902400000,1749902400000,0.6341,0.6386,0.618,0.6231,4209180.4
1749924000000,1749924000000,0.6231,0.6312,0.614,0.6262,1179015.4
1749945600000,1749945600000,0.6262,0.6379,0.6245,0.6359,1427251.4
1749967200000,1749967200000,0.6359,0.6368,0.6184,0.6232,1335286.0
1749988800000,1749988800000,0.6232,0.6333,0.6193,0.6216,1613164.2
1750010400000,1750010400000,0.6216,0.6228,0.6045,0.6215,2499682.8
1750032000000,1750032000000,0.6215,0.6449,0.6119,0.6403,4497664.0
1750053600000,1750053600000,0.6403,0.6503,0.6399,0.6488,2549225.9
1750075200000,1750075200000,0.6488,0.6649,0.643,0.6583,3303216.8
1750096800000,1750096800000,0.6583,0.666,0.6357,0.6374,3557384.9
1750118400000,1750118400000,0.6374,0.6574,0.6227,0.643,5963000.3
1750140000000,1750140000000,0.643,0.6445,0.6252,0.6276,2245358.7
1750161600000,1750161600000,0.6276,0.6329,0.5979,0.6007,6240124.8
1750183200000,1750183200000,0.6007,0.6207,0.5966,0.6069,1836778.2
1750204800000,1750204800000,0.6069,0.6209,0.604,0.619,1482296.3
1750226400000,1750226400000,0.619,0.6216,0.5955,0.6036,2613073.1
1750248000000,1750248000000,0.6036,0.6092,0.5843,0.6077,3857431.4
1750269600000,1750269600000,0.6077,0.6229,0.5985,0.6168,2805066.4
1750291200000,1750291200000,0.6168,0.6245,0.6116,0.618,1354926.3
1750312800000,1750312800000,0.618,0.6237,0.6154,0.617,1149409.5
1750334400000,1750334400000,0.617,0.6192,0.6036,0.6138,1745227.2
1750356000000,1750356000000,0.6138,0.6291,0.6119,0.6271,1761946.4
1750377600000,1750377600000,0.6271,0.6315,0.6191,0.6275,2728560.5
1750399200000,1750399200000,0.6275,0.6511,0.6251,0.6478,4126245.6
1750420800000,1750420800000,0.6478,0.6541,0.5986,0.6127,12744891.5
1750442400000,1750442400000,0.6127,0.6219,0.6026,0.6113,4624913.8
1750464000000,1750464000000,0.6113,0.6172,0.6075,0.6132,1513900.8
1750485600000,1750485600000,0.6132,0.6151,0.6091,0.6101,1654349.4
1750507200000,1750507200000,0.6101,0.6115,0.5909,0.5923,4318412.3
1750528800000,1750528800000,0.5923,0.5964,0.5618,0.581,13656929.1
1750550400000,1750550400000,0.581,0.5918,0.568,0.5775,5279655.9
1750572000000,1750572000000,0.5775,0.5801,0.5616,0.5646,4382701.1
1750593600000,1750593600000,0.5646,0.5679,0.5337,0.5442,23514567.2
1750615200000,1750615200000,0.5442,0.5598,0.5206,0.5594,6290032.0
1750636800000,1750636800000,0.5594,0.5686,0.555,0.5665,2871661.9
1750658400000,1750658400000,0.5665,0.5722,0.5638,0.5689,2632980.4
1750680000000,1750680000000,0.5689,0.5821,0.5514,0.578,12534033.9
1750701600000,1750701600000,0.578,0.6318,0.578,0.628,9768512.5
1750723200000,1750723200000,0.628,0.6483,0.6232,0.6472,4387871.0
1750744800000,1750744800000,0.6472,0.6536,0.6383,0.6491,4189384.5
1750766400000,1750766400000,0.6491,0.6788,0.6458,0.6697,8048720.6
1750788000000,1750788000000,0.6697,0.6716,0.6558,0.6629,2297542.9
1750809600000,1750809600000,0.6629,0.7365,0.6628,0.6805,32695075.1
1750831200000,1750831200000,0.6805,0.6904,0.6628,0.6881,12148696.6
1750852800000,1750852800000,0.6881,0.689,0.6633,0.6733,8127495.0
1750874400000,1750874400000,0.6733,0.6777,0.6614,0.6706,3281448.2
1750896000000,1750896000000,0.6706,0.6782,0.6519,0.6695,6956837.9
1750917600000,1750917600000,0.6695,0.6804,0.6576,0.6602,6218829.6
1750939200000,1750939200000,0.6602,0.6614,0.6366,0.6373,5700849.6
1750960800000,1750960800000,0.6373,0.6558,0.6358,0.6549,3004499.1
1750982400000,1750982400000,0.6549,0.6681,0.6438,0.6556,7319658.9
1751004000000,1751004000000,0.6556,0.6621,0.6501,0.6535,3261390.2
1751025600000,1751025600000,0.6535,0.6642,0.6447,0.6483,4383927.4
1751047200000,1751047200000,0.6483,0.6647,0.6416,0.659,2593148.1
1751068800000,1751068800000,0.659,0.6634,0.6522,0.6578,1954255.4
1751090400000,1751090400000,0.6578,0.6586,0.6509,0.6528,1368621.2
1751112000000,1751112000000,0.6528,0.6652,0.6487,0.6638,2085206.5
1751133600000,1751133600000,0.6638,0.6695,0.6609,0.6662,1422972.7
1751155200000,1751155200000,0.6662,0.6676,0.6573,0.6595,1116655.8
1751176800000,1751176800000,0.6595,0.6706,0.6594,0.6667,2000055.0
1751198400000,1751198400000,0.6667,0.6718,0.6557,0.6708,2228204.4
1751220000000,1751220000000,0.6708,0.696,0.6645,0.6908,3712920.9
1751241600000,1751241600000,0.6908,0.6928,0.6681,0.6731,3347252.4
1751263200000,1751263200000,0.6731,0.6743,0.6555,0.6584,4323763.5
1751284800000,1751284800000,0.6584,0.6651,0.6459,0.6604,7315105.6
1751306400000,1751306400000,0.6604,0.6675,0.6515,0.6582,3169571.2
1751328000000,1751328000000,0.6582,0.6679,0.6434,0.6457,5358958.7
1751349600000,1751349600000,0.6457,0.6505,0.64,0.6429,2189684.5
1751371200000,1751371200000,0.6429,0.6504,0.6352,0.641,3951051.6
1751392800000,1751392800000,0.641,0.6416,0.6309,0.6347,1582881.6
1751414400000,1751414400000,0.6347,0.6498,0.6265,0.6493,2232664.0
1751436000000,1751436000000,0.6493,0.66,0.6489,0.6547,1839574.7
1751457600000,1751457600000,0.6547,0.6929,0.6498,0.6893,4091731.8
1751479200000,1751479200000,0.6893,0.704,0.6852,0.6872,3189635.4
1751500800000,1751500800000,0.6872,0.7073,0.6851,0.7069,2509073.6
1751522400000,1751522400000,0.7069,0.7083,0.6927,0.6939,4894797.9
1751544000000,1751544000000,0.6939,0.7109,0.6836,0.691,6457574.4
1751565600000,1751565600000,0.691,0.696,0.6863,0.6877,1190041.4
1751587200000,1751587200000,0.6877,0.6928,0.6729,0.675,4474231.7
1751608800000,1751608800000,0.675,0.675,0.6584,0.6634,2737610.2
1751630400000,1751630400000,0.6634,0.6683,0.6384,0.6428,5350988.3
1751652000000,1751652000000,0.6428,0.6523,0.6375,0.6469,1638329.1
1751673600000,1751673600000,0.6469,0.6526,0.6416,0.6455,1664263.0
1751695200000,1751695200000,0.6455,0.6508,0.6383,0.6416,1234019.3
1751716800000,1751716800000,0.6416,0.6447,0.6367,0.64,2447402.8
1751738400000,1751738400000,0.64,0.646,0.6335,0.6419,1536781.1
1751760000000,1751760000000,0.6419,0.6421,0.6358,0.638,1380187.0
1751781600000,1751781600000,0.638,0.6477,0.6376,0.6466,1882143.3
1751803200000,1751803200000,0.6466,0.6643,0.6462,0.6603,3512617.6
1751824800000,1751824800000,0.6603,0.6696,0.6512,0.6567,1712692.4
1751846400000,1751846400000,0.6567,0.6671,0.6535,0.66,1010779.6
1751868000000,1751868000000,0.66,0.6625,0.6507,0.6511,1952964.8
1751889600000,1751889600000,0.6511,0.6564,0.6438,0.648,2531304.3
1751911200000,1751911200000,0.648,0.654,0.6395,0.6483,1917541.2
1751932800000,1751932800000,0.6483,0.6511,0.6381,0.6448,2388211.2
1751954400000,1751954400000,0.6448,0.6559,0.6406,0.6531,1227843.8
1751976000000,1751976000000,0.6531,0.6589,0.6389,0.6568,3523358.6
1751997600000,1751997600000,0.6568,0.6617,0.6537,0.657,1011561.7
1752019200000,1752019200000,0.657,0.6618,0.6483,0.6588,1615897.2
1752040800000,1752040800000,0.6588,0.6645,0.6548,0.6638,1380251.8
1752062400000,1752062400000,0.6638,0.6686,0.6548,0.6611,2968413.6
1752084000000,1752084000000,0.6611,0.6988,0.6611,0.6903,4780790.9
1752105600000,1752105600000,0.6903,0.698,0.6824,0.696,2625378.6
1752127200000,1752127200000,0.696,0.7047,0.6919,0.6941,2968903.1
1752148800000,1752148800000,0.6941,0.72,0.6841,0.7186,4643979.8
1752170400000,1752170400000,0.7186,0.7473,0.7109,0.7425,6957921.1
1752192000000,1752192000000,0.7425,0.7654,0.727,0.7588,4990798.7
1752213600000,1752213600000,0.7588,0.7647,0.7422,0.7502,5425701.0
1752235200000,1752235200000,0.7502,0.7812,0.7455,0.7708,13389316.6
1752256800000,1752256800000,0.7708,0.7759,0.7278,0.7395,5545828.3
1752278400000,1752278400000,0.7395,0.7552,0.7299,0.7435,3581714.8
1752300000000,1752300000000,0.7435,0.7583,0.7411,0.7479,2537645.7
1752321600000,1752321600000,0.7479,0.7499,0.7146,0.7359,4064113.6
1752343200000,1752343200000,0.7359,0.7418,0.726,0.7388,837812.1
1752364800000,1752364800000,0.7388,0.7636,0.7379,0.7562,3555932.4
1752386400000,1752386400000,0.7562,0.7769,0.7548,0.7759,3163696.6
1752408000000,1752408000000,0.7759,0.8003,0.7734,0.7909,4322955.5
1752429600000,1752429600000,0.7909,0.8009,0.7773,0.786,2948573.7
1752451200000,1752451200000,0.786,0.8539,0.7814,0.834,8326816.1
1752472800000,1752472800000,0.834,0.8439,0.8148,0.8211,5932116.3
1752494400000,1752494400000,0.8211,0.8299,0.7844,0.7958,7112386.4
1752516000000,1752516000000,0.7958,0.7973,0.7749,0.7943,3652813.5
1752537600000,1752537600000,0.7943,0.8068,0.7561,0.7715,9948180.9
1752559200000,1752559200000,0.7715,0.776,0.754,0.7744,3236505.6
1752580800000,1752580800000,0.7744,0.8007,0.76,0.7998,9139667.3
1752602400000,1752602400000,0.7998,0.8155,0.7767,0.812,5084557.0
1752624000000,1752624000000,0.812,0.8264,0.791,0.8066,8346275.2
1752645600000,1752645600000,0.8066,0.8172,0.8011,0.8042,3483951.7
1752667200000,1752667200000,0.8042,0.8221,0.7955,0.8181,6637889.9
1752688800000,1752688800000,0.8181,0.8368,0.8064,0.8108,4869877.2
1752710400000,1752710400000,0.8108,0.8286,0.7969,0.8282,6534038.0
1752732000000,1752732000000,0.8282,0.8515,0.8188,0.8305,8265157.2
1752753600000,1752753600000,0.8305,0.8427,0.8115,0.8305,6463916.7
1752775200000,1752775200000,0.8305,0.8596,0.8019,0.848,8800726.6
1752796800000,1752796800000,0.848,0.9008,0.8386,0.8997,7384354.3
1752818400000,1752818400000,0.8997,0.9,0.8593,0.8706,7911091.2
1752840000000,1752840000000,0.8706,0.8882,0.836,0.8477,13357677.8
1752861600000,1752861600000,0.8477,0.8498,0.8115,0.8361,6557007.6
1752883200000,1752883200000,0.8361,0.8519,0.8103,0.8424,4683013.1
1752904800000,1752904800000,0.8424,0.8435,0.8204,0.8256,3559715.1
1752926400000,1752926400000,0.8256,0.8263,0.8063,0.8187,5727006.7
1752948000000,1752948000000,0.8187,0.8522,0.8174,0.8479,3956360.3
1752969600000,1752969600000,0.8479,0.8535,0.8383,0.8512,3566109.7
1752991200000,1752991200000,0.8512,0.8722,0.8451,0.8664,5297769.5
1753012800000,1753012800000,0.8664,0.8912,0.8641,0.8798,7181157.7
1753034400000,1753034400000,0.8798,0.8915,0.8571,0.8749,4970584.1
1753056000000,1753056000000,0.8749,0.8932,0.8553,0.8841,6162162.2
1753077600000,1753077600000,0.8841,0.9178,0.8833,0.9026,7286462.4
1753099200000,1753099200000,0.9026,0.9152,0.8738,0.8899,9249465.0
1753120800000,1753120800000,0.8899,0.8978,0.8661,0.8817,3679584.7
1753142400000,1753142400000,0.8817,0.8847,0.8436,0.852,7819022.0
1753164000000,1753164000000,0.852,0.8649,0.8281,0.8546,6514591.4
1753185600000,1753185600000,0.8546,0.8702,0.8334,0.8567,7277128.9
1753207200000,1753207200000,0.8567,0.9049,0.8498,0.9035,4450258.6
1753228800000,1753228800000,0.9035,0.9042,0.8757,0.8796,4868302.4
1753250400000,1753250400000,0.8796,0.8821,0.8502,0.8553,4746467.2
1753272000000,1753272000000,0.8553,0.858,0.7844,0.7963,20260268.1
1753293600000,1753293600000,0.7963,0.8075,0.7712,0.7979,7127589.3
1753315200000,1753315200000,0.7979,0.8348,0.7832,0.7853,11775413.8
1753336800000,1753336800000,0.7853,0.8152,0.7698,0.809,13779005.2
1753358400000,1753358400000,0.809,0.8207,0.782,0.8005,9612057.5
1753380000000,1753380000000,0.8005,0.8112,0.7747,0.7785,7596635.5
1753401600000,1753401600000,0.7785,0.7806,0.7479,0.7575,7921775.4
1753423200000,1753423200000,0.7575,0.788,0.7509,0.7846,4473417.3
1753444800000,1753444800000,0.7846,0.7933,0.7583,0.7755,6931163.5
1753466400000,1753466400000,0.7755,0.8097,0.7753,0.8093,3552008.3
1753488000000,1753488000000,0.8093,0.8118,0.7988,0.8064,2580965.0
1753509600000,1753509600000,0.8064,0.8179,0.8022,0.8085,2540437.3
1753531200000,1753531200000,0.8085,0.8166,0.8041,0.8085,2880273.2
1753552800000,1753552800000,0.8085,0.8194,0.8054,0.8073,1530931.5
1753574400000,1753574400000,0.8073,0.8245,0.805,0.8195,2647126.3
1753596000000,1753596000000,0.8195,0.8213,0.8079,0.8119,1980260.2
1753617600000,1753617600000,0.8119,0.8488,0.8092,0.845,5818909.2
1753639200000,1753639200000,0.845,0.8714,0.8406,0.8604,3076070.0
1753660800000,1753660800000,0.8604,0.869,0.8442,0.8651,3592682.8
1753682400000,1753682400000,0.8651,0.8661,0.8429,0.8483,2347610.4
1753704000000,1753704000000,0.8483,0.849,0.8009,0.8027,5576850.8
1753725600000,1753725600000,0.8027,0.8038,0.7817,0.7906,3687132.0
1753747200000,1753747200000,0.7906,0.7971,0.772,0.7938,4206597.7
1753768800000,1753768800000,0.7938,0.8095,0.7809,0.7929,2663498.5
1753790400000,1753790400000,0.7929,0.8018,0.7571,0.7737,5479862.2
1753812000000,1753812000000,0.7737,0.782,0.7601,0.7815,2337737.5
1753833600000,1753833600000,0.7815,0.7815,0.7608,0.7693,2660367.0
1753855200000,1753855200000,0.7693,0.7735,0.7391,0.743,3851145.8
1753876800000,1753876800000,0.743,0.7613,0.738,0.756,5447173.0
1753898400000,1753898400000,0.756,0.7621,0.7185,0.7552,7563327.0
1753920000000,1753920000000,0.7552,0.7656,0.7501,0.761,3301304.0
1753941600000,1753941600000,0.761,0.7712,0.7584,0.7633,2430116.3
1753963200000,1753963200000,0.7633,0.7648,0.7357,0.7409,3400573.6
1753984800000,1753984800000,0.7409,0.7445,0.7052,0.7081,4504187.2
1754006400000,1754006400000,0.7081,0.7118,0.687,0.6976,4464449.9
1754028000000,1754028000000,0.6976,0.7021,0.682,0.7003,3448497.6
1754049600000,1754049600000,0.7003,0.7081,0.6812,0.6893,4137154.8
1754071200000,1754071200000,0.6893,0.6995,0.6676,0.6843,4463157.9
1754092800000,1754092800000,0.6843,0.6945,0.6823,0.6916,1872878.9
1754114400000,1754114400000,0.6916,0.692,0.6714,0.6782,3014597.3
1754136000000,1754136000000,0.6782,0.6788,0.658,0.6616,3950125.0
1754157600000,1754157600000,0.6616,0.6708,0.6525,0.6674,4123101.4
1754179200000,1754179200000,0.6674,0.6795,0.656,0.6775,2601517.8
1754200800000,1754200800000,0.6775,0.6887,0.675,0.6833,1344665.4
1754222400000,1754222400000,0.6833,0.6889,0.6803,0.6866,1165762.5
1754244000000,1754244000000,0.6866,0.6922,0.6841,0.685,1128714.7
1754265600000,1754265600000,0.685,0.701,0.6849,0.6888,2056098.6
1754287200000,1754287200000,0.6888,0.6946,0.6815,0.6842,2516396.0
1754308800000,1754308800000,0.6842,0.7188,0.6837,0.7094,4354006.0
1754330400000,1754330400000,0.7094,0.715,0.697,0.7132,1918566.9
1754352000000,1754352000000,0.7132,0.7233,0.7018,0.7067,2769937.8
1754373600000,1754373600000,0.7067,0.7137,0.6942,0.7116,2410645.9
1754395200000,1754395200000,0.7116,0.7129,0.6735,0.6837,5150850.8
1754416800000,1754416800000,0.6837,0.6861,0.6676,0.6841,2000686.0
1754438400000,1754438400000,0.6841,0.6854,0.6649,0.681,1688426.7
1754460000000,1754460000000,0.681,0.6905,0.6779,0.6793,1907412.4
1754481600000,1754481600000,0.6793,0.6984,0.6704,0.6956,4468919.0
1754503200000,1754503200000,0.6956,0.6987,0.6856,0.6909,1465609.1
1754524800000,1754524800000,0.6909,0.6973,0.6843,0.6912,1348622.2
1754546400000,1754546400000,0.6912,0.72,0.6907,0.7185,2886386.2
1754568000000,1754568000000,0.7185,0.7246,0.7023,0.7109,3684602.2
1754589600000,1754589600000,0.7109,0.7395,0.7061,0.739,2533044.5
1754611200000,1754611200000,0.739,0.7496,0.7281,0.7283,7778127.0
1754632800000,1754632800000,0.7283,0.7445,0.7258,0.7383,1951035.1
1754654400000,1754654400000,0.7383,0.7485,0.7137,0.7369,6456083.2
1754676000000,1754676000000,0.7369,0.7427,0.7282,0.7362,3549354.0
1754697600000,1754697600000,0.7362,0.7566,0.7344,0.7529,2594558.5
1754719200000,1754719200000,0.7529,0.7579,0.7434,0.7544,3641715.2
1754740800000,1754740800000,0.7544,0.7613,0.7437,0.752,2619595.5
1754762400000,1754762400000,0.752,0.7606,0.745,0.7485,2489219.5
1754784000000,1754784000000,0.7485,0.7757,0.7464,0.7606,4758953.1
1754805600000,1754805600000,0.7606,0.7644,0.7285,0.7331,5664474.8
1754827200000,1754827200000,0.7331,0.7549,0.7308,0.754,2849705.3
1754848800000,1754848800000,0.754,0.7589,0.7394,0.7526,2060861.7
1754870400000,1754870400000,0.7526,0.7981,0.7441,0.7963,8892142.9
1754892000000,1754892000000,0.7963,0.7996,0.7454,0.7482,8410672.8
1754913600000,1754913600000,0.7482,0.7617,0.7356,0.7396,7823573.1
1754935200000,1754935200000,0.7396,0.7447,0.7112,0.7165,5156838.1
1754956800000,1754956800000,0.7165,0.7309,0.7114,0.7144,3652492.0
1754978400000,1754978400000,0.7144,0.7226,0.7008,0.7091,3544725.5
1755000000000,1755000000000,0.7091,0.7542,0.7052,0.7474,6727672.2
1755021600000,1755021600000,0.7474,0.7663,0.7467,0.7531,3400329.9
1755043200000,1755043200000,0.7531,0.7587,0.7396,0.7435,5476883.5
1755064800000,1755064800000,0.7435,0.7739,0.7387,0.7641,6997671.3
1755086400000,1755086400000,0.7641,0.7763,0.7579,0.7714,6803189.9
1755108000000,1755108000000,0.7714,0.7999,0.7648,0.7961,6453660.4
1755129600000,1755129600000,0.7961,0.8112,0.7837,0.7841,10248203.7
1755151200000,1755151200000,0.7841,0.7871,0.7569,0.7608,6690642.9
1755172800000,1755172800000,0.7608,0.7655,0.7035,0.7181,18942186.9
1755194400000,1755194400000,0.7181,0.7237,0.7017,0.7163,3394621.3
1755216000000,1755216000000,0.7163,0.7269,0.711,0.7231,2570160.9
1755237600000,1755237600000,0.7231,0.7292,0.7132,0.7193,2026456.6
1755259200000,1755259200000,0.7193,0.7264,0.6861,0.6997,8529239.3
1755280800000,1755280800000,0.6997,0.7121,0.6897,0.7058,3392242.5
1755302400000,1755302400000,0.7058,0.7146,0.7043,0.7059,1447442.0
1755324000000,1755324000000,0.7059,0.7131,0.7022,0.704,2084063.7
1755345600000,1755345600000,0.704,0.7202,0.7031,0.7148,1989729.1
1755367200000,1755367200000,0.7148,0.7214,0.7132,0.7168,893177.2
1755388800000,1755388800000,0.7168,0.7268,0.7112,0.7222,1282447.9
1755410400000,1755410400000,0.7222,0.7316,0.7198,0.7303,2098653.5
1755432000000,1755432000000,0.7303,0.7383,0.7236,0.7282,2087362.3
1755453600000,1755453600000,0.7282,0.729,0.7142,0.717,1731429.8
1755475200000,1755475200000,0.717,0.7189,0.6819,0.6918,5902502.8
1755496800000,1755496800000,0.6918,0.6919,0.6781,0.684,2847813.6
1755518400000,1755518400000,0.684,0.6996,0.6814,0.6926,3802853.9
1755540000000,1755540000000,0.6926,0.701,0.6873,0.6902,1729114.6
1755561600000,1755561600000,0.6902,0.6997,0.6715,0.6777,3198942.9
1755583200000,1755583200000,0.6777,0.6886,0.6724,0.6881,1778519.0
1755604800000,1755604800000,0.6881,0.6881,0.6567,0.6593,5204512.2
1755626400000,1755626400000,0.6593,0.6602,0.641,0.6509,4036799.6
1755648000000,1755648000000,0.6509,0.6631,0.6455,0.6595,2896273.7
1755669600000,1755669600000,0.6595,0.6669,0.6524,0.6613,2331761.7
1755691200000,1755691200000,0.6613,0.6763,0.6441,0.6727,4229765.3
1755712800000,1755712800000,0.6727,0.6833,0.6629,0.6798,1715565.2
1755734400000,1755734400000,0.6798,0.6842,0.6703,0.675,1698903.4
1755756000000,1755756000000,0.675,0.675,0.66,0.6633,1748912.3
1755777600000,1755777600000,0.6633,0.6688,0.6518,0.6585,2465409.6
1755799200000,1755799200000,0.6585,0.664,0.6524,0.6556,1002049.2
1755820800000,1755820800000,0.6556,0.6646,0.6505,0.6554,1796235.5
1755842400000,1755842400000,0.6554,0.6602,0.6437,0.6442,1490291.2
1755864000000,1755864000000,0.6442,0.7095,0.6326,0.705,15522520.1
1755885600000,1755885600000,0.705,0.7155,0.7039,0.7092,1916400.8
1755907200000,1755907200000,0.7092,0.7134,0.6878,0.7052,2368631.6
1755928800000,1755928800000,0.7052,0.7072,0.6902,0.6919,1301714.9
1755950400000,1755950400000,0.6919,0.697,0.689,0.6945,1032763.4
1755972000000,1755972000000,0.6945,0.7005,0.6929,0.6975,662331.3
1755993600000,1755993600000,0.6975,0.7007,0.6885,0.6897,1259115.2
1756015200000,1756015200000,0.6897,0.6899,0.6706,0.6732,2132139.8
1756036800000,1756036800000,0.6732,0.6903,0.6714,0.6876,1454291.7
1756058400000,1756058400000,0.6876,0.7082,0.669,0.6796,9734710.5
1756080000000,1756080000000,0.6796,0.6833,0.6631,0.6635,2531719.8
1756101600000,1756101600000,0.6635,0.6652,0.6399,0.6469,5354695.1
1756123200000,1756123200000,0.6469,0.6537,0.6386,0.6423,2325325.3
1756144800000,1756144800000,0.6423,0.6446,0.6105,0.6242,7216236.3
1756166400000,1756166400000,0.6242,0.6359,0.6162,0.6336,2288135.8
1756188000000,1756188000000,0.6336,0.6395,0.6248,0.6282,2818905.8
1756209600000,1756209600000,0.6282,0.645,0.6254,0.6407,6644997.3
1756231200000,1756231200000,0.6407,0.6533,0.6407,0.649,1218578.1
1756252800000,1756252800000,0.649,0.6545,0.6418,0.6468,986857.7
1756274400000,1756274400000,0.6468,0.6485,0.6404,0.6459,873090.9
1756296000000,1756296000000,0.6459,0.6533,0.6399,0.6516,1810424.7
1756317600000,1756317600000,0.6516,0.6544,0.6355,0.6405,3487419.0
1756339200000,1756339200000,0.6405,0.6531,0.6344,0.6511,1453223.6
1756360800000,1756360800000,0.6511,0.6547,0.6469,0.6507,1020085.8
1756382400000,1756382400000,0.6507,0.664,0.6424,0.6493,2215475.8
1756404000000,1756404000000,0.6493,0.6569,0.6423,0.6564,683079.8
1756425600000,1756425600000,0.6564,0.661,0.6461,0.6483,1249001.4
1756447200000,1756447200000,0.6483,0.6493,0.6204,0.6283,3233565.8
1756468800000,1756468800000,0.6283,0.6451,0.6149,0.6162,6210181.5
1756490400000,1756490400000,0.6162,0.6231,0.6096,0.6207,2423958.1
1756512000000,1756512000000,0.6207,0.6284,0.6095,0.6243,1263949.2
1756533600000,1756533600000,0.6243,0.6291,0.6226,0.6264,603889.0
1756555200000,1756555200000,0.6264,0.6267,0.6153,0.619,990319.5
1756576800000,1756576800000,0.619,0.6248,0.6172,0.6247,415622.7
1756598400000,1756598400000,0.6247,0.6428,0.6247,0.6357,1597621.0
1756620000000,1756620000000,0.6357,0.6371,0.6266,0.633,884101.2
1756641600000,1756641600000,0.633,0.6339,0.6257,0.6318,749479.6
1756663200000,1756663200000,0.6318,0.6357,0.6191,0.6197,989754.8
1756684800000,1756684800000,0.6197,0.621,0.6027,0.6082,2614489.6
1756706400000,1756706400000,0.6082,0.6321,0.6044,0.6151,2290310.6
1756728000000,1756728000000,0.6151,0.6201,0.6011,0.6044,1549673.4
1756749600000,1756749600000,0.6044,0.6102,0.5878,0.6086,3475362.8
1756771200000,1756771200000,0.6086,0.6192,0.6011,0.6181,1727493.6
1756792800000,1756792800000,0.6181,0.6215,0.6118,0.6152,1453796.6
1756814400000,1756814400000,0.6152,0.6268,0.6058,0.6202,4072885.6
1756836000000,1756836000000,0.6202,0.6277,0.6111,0.6263,1639012.4
1756857600000,1756857600000,0.6263,0.6389,0.6258,0.6272,2867656.0
1756879200000,1756879200000,0.6272,0.6375,0.6234,0.6358,1933731.4
1756900800000,1756900800000,0.6358,0.644,0.6309,0.6414,2351697.4
1756922400000,1756922400000,0.6414,0.6415,0.6346,0.6346,763013.8
1756944000000,1756944000000,0.6346,0.6452,0.6251,0.6274,2377807.8
1756965600000,1756965600000,0.6274,0.6276,0.6193,0.6214,2043750.0
1756987200000,1756987200000,0.6214,0.6242,0.6063,0.6074,3677226.1
1757008800000,1757008800000,0.6074,0.6193,0.6027,0.611,1969262.0
1757030400000,1757030400000,0.611,0.6171,0.6083,0.6156,1000599.6
1757052000000,1757052000000,0.6156,0.6265,0.6134,0.6203,1541168.7
1757073600000,1757073600000,0.6203,0.6327,0.6105,0.6127,6755760.1
1757095200000,1757095200000,0.6127,0.6257,0.6112,0.6227,1216195.8
1757116800000,1757116800000,0.6227,0.6269,0.6187,0.6207,688332.4
1757138400000,1757138400000,0.6207,0.6221,0.614,0.6183,1010770.4
1757160000000,1757160000000,0.6183,0.6236,0.6152,0.6162,1395921.3
1757181600000,1757181600000,0.6162,0.6241,0.6107,0.6215,792317.9
1757203200000,1757203200000,0.6215,0.6322,0.6199,0.6322,839749.1
1757224800000,1757224800000,0.6322,0.6327,0.6251,0.6297,1022094.5
1757246400000,1757246400000,0.6297,0.6353,0.6241,0.6248,793405.3
1757268000000,1757268000000,0.6248,0.6338,0.6227,0.6286,753686.3
1757289600000,1757289600000,0.6286,0.6426,0.6257,0.6356,1967185.4
1757311200000,1757311200000,0.6356,0.6462,0.6308,0.642,1960235.1
1757332800000,1757332800000,0.642,0.6535,0.6404,0.6435,3363893.0
1757354400000,1757354400000,0.6435,0.6492,0.6374,0.6431,1305578.3
1757376000000,1757376000000,0.6431,0.6516,0.6371,0.6515,1726203.3
1757397600000,1757397600000,0.6515,0.6651,0.6511,0.658,3549489.1
1757419200000,1757419200000,0.658,0.6625,0.6362,0.6377,3924492.8
1757440800000,1757440800000,0.6377,0.6438,0.6356,0.641,1096297.6
1757462400000,1757462400000,0.641,0.6518,0.6367,0.6468,2359965.7
1757484000000,1757484000000,0.6468,0.6506,0.6436,0.6453,1296074.2
1757505600000,1757505600000,0.6453,0.6621,0.6448,0.654,3096229.8
1757527200000,1757527200000,0.654,0.6589,0.6455,0.6569,1983292.9
1757548800000,1757548800000,0.6569,0.6996,0.6561,0.675,14727637.9
1757570400000,1757570400000,0.675,0.6842,0.671,0.6719,3193196.1
1757592000000,1757592000000,0.6719,0.6816,0.6618,0.6673,7286752.3
1757613600000,1757613600000,0.6673,0.6803,0.6647,0.6784,1707265.3
1757635200000,1757635200000,0.6784,0.6858,0.6762,0.6815,3250190.2
1757656800000,1757656800000,0.6815,0.6823,0.6646,0.6658,2607756.5
1757678400000,1757678400000,0.6658,0.6832,0.6631,0.6816,2272309.2
1757700000000,1757700000000,0.6816,0.6897,0.6803,0.6895,2090047.1
1757721600000,1757721600000,0.6895,0.6972,0.6875,0.6908,2369719.7
1757743200000,1757743200000,0.6908,0.698,0.6875,0.6978,2197252.0
1757764800000,1757764800000,0.6978,0.7031,0.6811,0.6904,4680168.3
1757786400000,1757786400000,0.6904,0.7006,0.6867,0.6996,967649.5
1757808000000,1757808000000,0.6996,0.7002,0.681,0.6908,2132689.5
1757829600000,1757829600000,0.6908,0.6928,0.6736,0.6745,2480908.5
1757851200000,1757851200000,0.6745,0.6778,0.661,0.6753,2805259.1
1757872800000,1757872800000,0.6753,0.6773,0.6666,0.6692,1373439.5
1757894400000,1757894400000,0.6692,0.6754,0.6588,0.6738,1733292.4
1757916000000,1757916000000,0.6738,0.674,0.6448,0.649,4532150.0
1757937600000,1757937600000,0.649,0.6508,0.6331,0.6422,5616899.1
1757959200000,1757959200000,0.6422,0.6477,0.6404,0.6455,1572153.1
1757980800000,1757980800000,0.6455,0.6506,0.6387,0.647,3145039.9
1758002400000,1758002400000,0.647,0.6601,0.6461,0.6566,1667683.8
1758024000000,1758024000000,0.6566,0.6674,0.6492,0.6647,2742449.4
1758045600000,1758045600000,0.6647,0.6672,0.6583,0.6593,1085562.6
1758067200000,1758067200000,0.6593,0.66,0.6458,0.6505,2941462.6
1758088800000,1758088800000,0.6505,0.6555,0.6401,0.6435,2904396.0
1758110400000,1758110400000,0.6435,0.6532,0.6391,0.6456,2830439.6
1758132000000,1758132000000,0.6456,0.6778,0.6414,0.6741,5554945.2
1758153600000,1758153600000,0.6741,0.6806,0.6668,0.6773,2798641.2
1758175200000,1758175200000,0.6773,0.6896,0.6715,0.685,2562080.6
1758196800000,1758196800000,0.685,0.6975,0.6827,0.6948,2412865.8
1758218400000,1758218400000,0.6948,0.6987,0.6849,0.6899,2413257.0
1758240000000,1758240000000,0.6899,0.6991,0.6785,0.6821,3910870.0
1758261600000,1758261600000,0.6821,0.6822,0.6648,0.6664,2927669.9
1758283200000,1758283200000,0.6664,0.6726,0.6553,0.6554,2899902.0
1758304800000,1758304800000,0.6554,0.6591,0.6495,0.6556,1372206.0
1758326400000,1758326400000,0.6556,0.6584,0.6485,0.6583,1212693.7
1758348000000,1758348000000,0.6583,0.6603,0.6496,0.6556,819371.4
1758369600000,1758369600000,0.6556,0.6685,0.6542,0.6622,877853.5
1758391200000,1758391200000,0.6622,0.6622,0.6563,0.6579,430549.2
1758412800000,1758412800000,0.6579,0.6618,0.6542,0.6617,590339.6
1758434400000,1758434400000,0.6617,0.6636,0.6471,0.65,1448230.5
1758456000000,1758456000000,0.65,0.6561,0.6435,0.652,1145626.3
1758477600000,1758477600000,0.652,0.6542,0.6442,0.6453,869965.4
1758499200000,1758499200000,0.6453,0.6482,0.6152,0.6157,6877123.9
1758520800000,1758520800000,0.6157,0.616,0.5893,0.6012,10208845.9
1758542400000,1758542400000,0.6012,0.6093,0.5977,0.601,2513093.1
1758564000000,1758564000000,0.601,0.6047,0.5926,0.6032,1433545.5
1758585600000,1758585600000,0.6032,0.6064,0.5886,0.6013,2241695.1
1758607200000,1758607200000,0.6013,0.61,0.6011,0.605,1803680.9
1758628800000,1758628800000,0.605,0.6095,0.5966,0.5971,2284320.3
1758650400000,1758650400000,0.5971,0.602,0.5927,0.5964,1075806.1
1758672000000,1758672000000,0.5964,0.6046,0.5833,0.6006,2715004.0
1758693600000,1758693600000,0.6006,0.603,0.5978,0.6006,1377908.5
1758715200000,1758715200000,0.6006,0.6062,0.5969,0.6014,1831656.3
1758736800000,1758736800000,0.6014,0.602,0.5913,0.594,945644.6
1758758400000,1758758400000,0.594,0.5957,0.5781,0.5851,4380002.8
1758780000000,1758780000000,0.5851,0.586,0.5732,0.5748,2486469.7
1758801600000,1758801600000,0.5748,0.5867,0.5545,0.5573,6390994.3
1758823200000,1758823200000,0.5573,0.5758,0.5555,0.5639,2673519.7
1758844800000,1758844800000,0.5639,0.5743,0.563,0.5681,1745410.8
1758866400000,1758866400000,0.5681,0.5727,0.5591,0.5648,2069289.1
1758888000000,1758888000000,0.5648,0.5797,0.5588,0.5789,3251006.9
1758909600000,1758909600000,0.5789,0.5817,0.5745,0.579,1119994.9
1758931200000,1758931200000,0.579,0.581,0.5752,0.5799,809792.7
1758952800000,1758952800000,0.5799,0.5813,0.5699,0.5742,3241992.4
1758974400000,1758974400000,0.5742,0.5758,0.5686,0.5746,1937416.0
1758996000000,1758996000000,0.5746,0.5787,0.5717,0.5738,878853.0
1759017600000,1759017600000,0.5738,0.575,0.5658,0.567,1210538.6
1759039200000,1759039200000,0.567,0.5674,0.5592,0.5615,1337478.8
1759060800000,1759060800000,0.5615,0.5749,0.5578,0.5736,1706541.7
1759082400000,1759082400000,0.5736,0.5885,0.573,0.5846,2736715.4
1759104000000,1759104000000,0.5846,0.5879,0.5803,0.5829,958503.6
1759125600000,1759125600000,0.5829,0.5854,0.5749,0.5782,993274.7
1759147200000,1759147200000,0.5782,0.5924,0.57,0.5797,2758191.7
1759168800000,1759168800000,0.5797,0.5913,0.577,0.584,1261665.0
1759190400000,1759190400000,0.584,0.5854,0.5711,0.574,1774734.7
1759212000000,1759212000000,0.574,0.5754,0.5654,0.5688,1453049.9
1759233600000,1759233600000,0.5688,0.5724,0.5604,0.565,2787673.2
1759255200000,1759255200000,0.565,0.5779,0.5643,0.5716,1722920.1
1759276800000,1759276800000,0.5716,0.5751,0.5668,0.5726,1494030.3
1759298400000,1759298400000,0.5726,0.5982,0.5673,0.5958,3979048.8
1759320000000,1759320000000,0.5958,0.5985,0.5908,0.5961,3596823.0
1759341600000,1759341600000,0.5961,0.6054,0.5961,0.605,1724178.5
1759363200000,1759363200000,0.605,0.6154,0.604,0.6099,3091216.2
1759384800000,1759384800000,0.6099,0.6174,0.6094,0.6138,1477211.0
1759406400000,1759406400000,0.6138,0.6196,0.6006,0.6178,2988072.6
1759428000000,1759428000000,0.6178,0.6246,0.6178,0.6225,1037086.4
1759449600000,1759449600000,0.6225,0.6246,0.6131,0.6167,2025145.4
1759471200000,1759471200000,0.6167,0.619,0.6097,0.6119,1084564.8
1759492800000,1759492800000,0.6119,0.6344,0.6061,0.6174,4193355.7
1759514400000,1759514400000,0.6174,0.6286,0.615,0.6196,907043.6
1759536000000,1759536000000,0.6196,0.6218,0.6087,0.613,888824.0
1759557600000,1759557600000,0.613,0.6154,0.5998,0.6015,1200322.3
1759579200000,1759579200000,0.6015,0.6079,0.5929,0.5969,2214783.1
1759600800000,1759600800000,0.5969,0.603,0.5946,0.6018,769675.7
1759622400000,1759622400000,0.6018,0.6202,0.5955,0.6182,2518887.9
1759644000000,1759644000000,0.6182,0.6233,0.6102,0.6143,1983815.9
1759665600000,1759665600000,0.6143,0.6143,0.601,0.6021,1571713.6
1759687200000,1759687200000,0.6021,0.6032,0.5921,0.5979,1012781.2
1759708800000,1759708800000,0.5979,0.6069,0.5944,0.6027,1655432.4
1759730400000,1759730400000,0.6027,0.6124,0.6023,0.6094,909960.9
1759752000000,1759752000000,0.6094,0.6286,0.6093,0.6262,4634225.7
1759773600000,1759773600000,0.6262,0.6318,0.6227,0.6294,1875470.9
1759795200000,1759795200000,0.6294,0.6748,0.6294,0.6628,12747210.7
1759816800000,1759816800000,0.6628,0.6631,0.6316,0.6477,7856120.8
1759838400000,1759838400000,0.6477,0.6546,0.6132,0.6177,9438682.7
1759860000000,1759860000000,0.6177,0.6194,0.5953,0.5961,4786945.1
1759881600000,1759881600000,0.5961,0.6083,0.5945,0.5988,4032810.6
1759903200000,1759903200000,0.5988,0.6062,0.5962,0.6017,1768000.0
1759924800000,1759924800000,0.6017,0.6247,0.5986,0.6232,2915971.4
1759946400000,1759946400000,0.6232,0.6246,0.6118,0.6123,1216024.4
1759968000000,1759968000000,0.6123,0.6129,0.5917,0.599,2746883.2
1759989600000,1759989600000,0.599,0.6,0.584,0.5941,2803309.8
1760011200000,1760011200000,0.5941,0.6015,0.5806,0.5912,3152192.8
1760032800000,1760032800000,0.5912,0.5981,0.5873,0.5931,997584.8
1760054400000,1760054400000,0.5931,0.5984,0.5845,0.595,1268112.0
1760076000000,1760076000000,0.595,0.5958,0.5803,0.584,2670304.4
1760097600000,1760097600000,0.584,0.5934,0.5491,0.5541,10479343.1
1760119200000,1760119200000,0.5541,0.555,0.2028,0.4236,42107065.2
1760140800000,1760140800000,0.4236,0.4495,0.4159,0.4354,6539861.1
1760162400000,1760162400000,0.4354,0.4529,0.4315,0.4458,4284025.4
1760184000000,1760184000000,0.4458,0.448,0.4313,0.4435,3375138.0
1760205600000,1760205600000,0.4435,0.4437,0.4101,0.4207,4395796.2
1760227200000,1760227200000,0.4207,0.4261,0.4078,0.4234,3968947.6
1760248800000,1760248800000,0.4234,0.4301,0.4185,0.4262,2819120.3
1760270400000,1760270400000,0.4262,0.4632,0.4203,0.4603,7194769.7
1760292000000,1760292000000,0.4603,0.469,0.4545,0.4597,3148139.1
1760313600000,1760313600000,0.4597,0.4664,0.4543,0.4617,1976653.0
1760335200000,1760335200000,0.4617,0.478,0.4569,0.4674,4547646.6
1760356800000,1760356800000,0.4674,0.4886,0.4634,0.4884,6911898.3
1760378400000,1760378400000,0.4884,0.4948,0.4843,0.4884,2512536.7
1760400000000,1760400000000,0.4884,0.4919,0.4612,0.4646,3022031.4
1760421600000,1760421600000,0.4646,0.4671,0.4413,0.4537,5591847.1
1760443200000,1760443200000,0.4537,0.4755,0.4428,0.468,2801465.3
1760464800000,1760464800000,0.468,0.4725,0.4598,0.4699,1377915.9
1760486400000,1760486400000,0.4699,0.4752,0.4644,0.472,1819038.4
1760508000000,1760508000000,0.472,0.4807,0.4646,0.4685,2189016.9
1760529600000,1760529600000,0.4685,0.4703,0.4497,0.4551,3813696.8
1760551200000,1760551200000,0.4551,0.457,0.4442,0.4544,1591668.0
1760572800000,1760572800000,0.4544,0.4613,0.4517,0.4551,1436336.8
1760594400000,1760594400000,0.4551,0.4622,0.4428,0.4617,3879910.5
1760616000000,1760616000000,0.4617,0.4653,0.4331,0.4409,5897058.8
1760637600000,1760637600000,0.4409,0.4431,0.4277,0.436,2388216.0
1760659200000,1760659200000,0.436,0.4419,0.4335,0.4344,1491398.7
1760680800000,1760680800000,0.4344,0.4359,0.4011,0.4193,6752951.7
1760702400000,1760702400000,0.4193,0.4288,0.4094,0.4242,4728455.5
1760724000000,1760724000000,0.4242,0.4272,0.4187,0.4233,1272174.4
