timestamp,time,open,high,low,close,volume
1701064800000,1701064800000,0.06396,0.0697,0.06091,0.06725,112156760.0
1701086400000,1701086400000,0.06725,0.07816,0.04437,0.04872,2410150040.0
1701108000000,1701108000000,0.04872,0.05047,0.03018,0.04512,3700961330.0
1701129600000,1701129600000,0.04512,0.04682,0.03861,0.04219,1932095660.0
1701151200000,1701151200000,0.04219,0.04343,0.03538,0.04179,1608384210.0
1701172800000,1701172800000,0.04179,0.04679,0.03879,0.04484,1478803870.0
1701194400000,1701194400000,0.04484,0.04655,0.04047,0.04221,1052461510.0
1701216000000,1701216000000,0.04221,0.04447,0.04008,0.04397,591912850.0
1701237600000,1701237600000,0.04397,0.06033,0.04392,0.05551,2594798030.0
1701259200000,1701259200000,0.05551,0.05582,0.04854,0.05362,1614698580.0
1701280800000,1701280800000,0.05362,0.05702,0.0505,0.05167,697061520.0
1701302400000,1701302400000,0.05167,0.05878,0.05095,0.05451,830769850.0
1701324000000,1701324000000,0.05451,0.05643,0.05183,0.05431,791935490.0
1701345600000,1701345600000,0.05431,0.05457,0.0491,0.05128,918698650.0
1701367200000,1701367200000,0.05128,0.05274,0.05043,0.05178,305648580.0
1701388800000,1701388800000,0.05178,0.05537,0.05118,0.05378,493517560.0
1701410400000,1701410400000,0.05378,0.05388,0.05047,0.05085,508876320.0
1701432000000,1701432000000,0.05085,0.05568,0.05034,0.05295,717537420.0
1701453600000,1701453600000,0.05295,0.0533,0.05127,0.05272,204766970.0
1701475200000,1701475200000,0.05272,0.0545,0.05257,0.05426,261280690.0
1701496800000,1701496800000,0.05426,0.0548,0.05262,0.0532,208424240.0
1701518400000,1701518400000,0.0532,0.0576,0.05282,0.05418,457132170.0
1701540000000,1701540000000,0.05418,0.05454,0.05225,0.05395,181000870.0
1701561600000,1701561600000,0.05395,0.06665,0.05325,0.0653,554682480.0
1701583200000,1701583200000,0.0653,0.06983,0.06139,0.06455,844358390.0
1701604800000,1701604800000,0.06455,0.06599,0.0568,0.05829,569513970.0
1701626400000,1701626400000,0.05829,0.06354,0.05784,0.06143,243167800.0
1701648000000,1701648000000,0.06143,0.06679,0.06032,0.06323,469813330.0
1701669600000,1701669600000,0.06323,0.07018,0.0498,0.05824,893105130.0
1701691200000,1701691200000,0.05824,0.05985,0.05304,0.05689,514575900.0
1701712800000,1701712800000,0.05689,0.06016,0.05639,0.05802,264023120.0
1701734400000,1701734400000,0.05802,0.05822,0.05426,0.05659,234508200.0
1701756000000,1701756000000,0.05659,0.05672,0.05159,0.05536,285887820.0
1701777600000,1701777600000,0.05536,0.05536,0.05035,0.0522,316983940.0
1701799200000,1701799200000,0.0522,0.05295,0.05095,0.05217,178244140.0
1701820800000,1701820800000,0.05217,0.05399,0.04794,0.04963,266272820.0
1701842400000,1701842400000,0.04963,0.04966,0.04388,0.04579,411957840.0
1701864000000,1701864000000,0.04579,0.05114,0.045,0.04828,376879470.0
1701885600000,1701885600000,0.04828,0.04845,0.04561,0.04622,152390020.0
1701907200000,1701907200000,0.04622,0.04751,0.04573,0.0465,114330950.0
1701928800000,1701928800000,0.0465,0.04691,0.04461,0.04496,218099050.0
1701950400000,1701950400000,0.04496,0.04597,0.0427,0.04335,249052840.0
1701972000000,1701972000000,0.04335,0.04367,0.04184,0.04253,143704350.0
1701993600000,1701993600000,0.04253,0.04779,0.04243,0.04696,208893950.0
1702015200000,1702015200000,0.04696,0.04699,0.04382,0.04555,251835050.0
1702036800000,1702036800000,0.04555,0.04558,0.04348,0.04369,195858230.0
1702058400000,1702058400000,0.04369,0.04474,0.04322,0.0443,76711590.0
1702080000000,1702080000000,0.0443,0.04623,0.04425,0.04514,101503600.0
1702101600000,1702101600000,0.04514,0.04612,0.04331,0.0439,175140660.0
1702123200000,1702123200000,0.0439,0.04433,0.0419,0.04198,174176470.0
1702144800000,1702144800000,0.04198,0.04306,0.0403,0.04088,140862320.0
1702166400000,1702166400000,0.04088,0.04338,0.04077,0.04327,69838680.0
1702188000000,1702188000000,0.04327,0.04652,0.04168,0.04587,322414790.0
1702209600000,1702209600000,0.04587,0.05266,0.04375,0.05022,626816050.0
1702231200000,1702231200000,0.05022,0.05033,0.04761,0.04865,350959220.0
1702252800000,1702252800000,0.04865,0.04954,0.03544,0.04272,683230000.0
1702274400000,1702274400000,0.04272,0.04284,0.0409,0.04217,240462220.0
1702296000000,1702296000000,0.04217,0.04253,0.04038,0.04117,231012110.0
1702317600000,1702317600000,0.04117,0.04162,0.03961,0.04118,175125270.0
1702339200000,1702339200000,0.04118,0.04287,0.04084,0.04184,116093780.0
1702360800000,1702360800000,0.04184,0.04258,0.04071,0.04077,110194060.0
1702382400000,1702382400000,0.04077,0.04081,0.03827,0.03922,297698980.0
1702404000000,1702404000000,0.03922,0.04034,0.03917,0.04009,82754810.0
1702425600000,1702425600000,0.04009,0.04052,0.03756,0.03825,188989360.0
1702447200000,1702447200000,0.03825,0.04091,0.03681,0.03926,235778590.0
1702468800000,1702468800000,0.03926,0.04148,0.03907,0.03984,253788930.0
1702490400000,1702490400000,0.03984,0.0416,0.0395,0.04119,155504590.0
1702512000000,1702512000000,0.04119,0.04194,0.04051,0.04154,140307530.0
1702533600000,1702533600000,0.04154,0.04169,0.04062,0.04154,112992480.0
1702555200000,1702555200000,0.04154,0.0416,0.03801,0.04027,281158130.0
1702576800000,1702576800000,0.04027,0.04064,0.0398,0.04039,61435230.0
1702598400000,1702598400000,0.04039,0.04431,0.0403,0.04116,311401880.0
1702620000000,1702620000000,0.04116,0.04208,0.03991,0.04004,149020510.0
1702641600000,1702641600000,0.04004,0.04007,0.03867,0.039,190925110.0
1702663200000,1702663200000,0.039,0.0396,0.037,0.03719,125354160.0
1702684800000,1702684800000,0.03719,0.03818,0.03659,0.03797,98152350.0
1702706400000,1702706400000,0.03797,0.0385,0.03736,0.03849,78593840.0
1702728000000,1702728000000,0.03849,0.03944,0.03802,0.03846,136709600.0
1702749600000,1702749600000,0.03846,0.03846,0.03683,0.03738,105973350.0
1702771200000,1702771200000,0.03738,0.0378,0.03615,0.03648,89391700.0
1702792800000,1702792800000,0.03648,0.03802,0.0361,0.03745,96193700.0
1702814400000,1702814400000,0.03745,0.03758,0.03559,0.03674,146058250.0
1702836000000,1702836000000,0.03674,0.03696,0.03532,0.03578,72715900.0
1702857600000,1702857600000,0.03578,0.03622,0.03335,0.03388,153377490.0
1702879200000,1702879200000,0.03388,0.03439,0.03106,0.03231,258832470.0
1702900800000,1702900800000,0.03231,0.03303,0.03188,0.03248,86064180.0
1702922400000,1702922400000,0.03248,0.03395,0.03226,0.03371,85324220.0
1702944000000,1702944000000,0.03371,0.03459,0.0334,0.03408,64951120.0
1702965600000,1702965600000,0.03408,0.03688,0.03343,0.03594,230919550.0
1702987200000,1702987200000,0.03594,0.03717,0.03377,0.03387,287881600.0
1703008800000,1703008800000,0.03387,0.03515,0.03377,0.03443,84530830.0
1703030400000,1703030400000,0.03443,0.03514,0.03355,0.03449,77264290.0
1703052000000,1703052000000,0.03449,0.03466,0.03326,0.03363,87983150.0
1703073600000,1703073600000,0.03363,0.0348,0.03325,0.03438,106774340.0
1703095200000,1703095200000,0.03438,0.03456,0.03285,0.03382,67870490.0
1703116800000,1703116800000,0.03382,0.0354,0.03337,0.03412,89711680.0
1703138400000,1703138400000,0.03412,0.03483,0.03387,0.03458,51996210.0
1703160000000,1703160000000,0.03458,0.03584,0.03332,0.03397,114319470.0
1703181600000,1703181600000,0.03397,0.03564,0.03386,0.03482,83656040.0
1703203200000,1703203200000,0.03482,0.03751,0.03471,0.036,141673860.0
1703224800000,1703224800000,0.036,0.037,0.03467,0.03572,109506940.0
1703246400000,1703246400000,0.03572,0.04205,0.03511,0.03775,537111990.0
1703268000000,1703268000000,0.03775,0.03934,0.03722,0.03852,156960560.0
1703289600000,1703289600000,0.03852,0.03942,0.03581,0.03664,179964900.0
1703311200000,1703311200000,0.03664,0.03665,0.03557,0.03582,100457960.0
1703332800000,1703332800000,0.03582,0.03747,0.03561,0.03646,122865360.0
1703354400000,1703354400000,0.03646,0.03692,0.03611,0.03662,58263960.0
1703376000000,1703376000000,0.03662,0.03717,0.03498,0.036,92676120.0
1703397600000,1703397600000,0.036,0.03615,0.03525,0.03584,68988140.0
1703419200000,1703419200000,0.03584,0.03626,0.03555,0.03568,40301410.0
1703440800000,1703440800000,0.03568,0.03578,0.03285,0.03418,111858690.0
1703462400000,1703462400000,0.03418,0.03475,0.03376,0.03461,35421680.0
1703484000000,1703484000000,0.03461,0.03534,0.03424,0.03515,45050520.0
1703505600000,1703505600000,0.03515,0.03594,0.03487,0.03534,75170150.0
1703527200000,1703527200000,0.03534,0.03552,0.03439,0.03528,66656940.0
1703548800000,1703548800000,0.03528,0.03649,0.03435,0.0349,120904420.0
1703570400000,1703570400000,0.0349,0.03533,0.03422,0.03521,125351270.0
1703592000000,1703592000000,0.03521,0.03542,0.03011,0.0324,256836950.0
1703613600000,1703613600000,0.0324,0.03357,0.03211,0.03342,87175660.0
1703635200000,1703635200000,0.03342,0.0335,0.03185,0.03273,76706820.0
1703656800000,1703656800000,0.03273,0.03399,0.03247,0.03369,63695900.0
1703678400000,1703678400000,0.03369,0.03458,0.03293,0.03373,123502090.0
1703700000000,1703700000000,0.03373,0.03416,0.03333,0.03398,53429110.0
1703721600000,1703721600000,0.03398,0.03465,0.03364,0.03394,68469080.0
1703743200000,1703743200000,0.03394,0.0356,0.03344,0.03387,123888120.0
1703764800000,1703764800000,0.03387,0.03396,0.03205,0.03284,152030490.0
1703786400000,1703786400000,0.03284,0.03309,0.0321,0.03256,54020720.0
1703808000000,1703808000000,0.03256,0.03269,0.03141,0.03266,63267950.0
1703829600000,1703829600000,0.03266,0.03307,0.03201,0.03278,37354690.0
1703851200000,1703851200000,0.03278,0.03365,0.03169,0.03208,84981930.0
1703872800000,1703872800000,0.03208,0.0324,0.03084,0.03217,40498160.0
1703894400000,1703894400000,0.03217,0.03292,0.03173,0.03238,28464690.0
1703916000000,1703916000000,0.03238,0.03248,0.03122,0.03165,24725910.0
1703937600000,1703937600000,0.03165,0.03227,0.03154,0.03218,23579310.0
1703959200000,1703959200000,0.03218,0.03366,0.03193,0.03299,52075700.0
1703980800000,1703980800000,0.03299,0.03571,0.03285,0.03389,164423630.0
1704002400000,1704002400000,0.03389,0.03936,0.03332,0.03498,540809970.0
1704024000000,1704024000000,0.03498,0.03579,0.03409,0.03465,143875700.0
1704045600000,1704045600000,0.03465,0.0349,0.0318,0.03308,129665600.0
1704067200000,1704067200000,0.03308,0.03337,0.0316,0.03209,56709620.0
1704088800000,1704088800000,0.03209,0.03284,0.03198,0.03265,34714550.0
1704110400000,1704110400000,0.03265,0.03343,0.03257,0.03303,40506240.0
1704132000000,1704132000000,0.03303,0.03369,0.03298,0.03353,28481570.0
1704153600000,1704153600000,0.03353,0.03446,0.03333,0.0338,53740140.0
1704175200000,1704175200000,0.0338,0.03411,0.03286,0.03322,50749980.0
1704196800000,1704196800000,0.03322,0.03338,0.03207,0.03239,62687070.0
1704218400000,1704218400000,0.03239,0.03255,0.03184,0.03238,36825650.0
1704240000000,1704240000000,0.03238,0.03375,0.03233,0.03353,38762350.0
1704261600000,1704261600000,0.03353,0.03645,0.03242,0.03306,304955280.0
1704283200000,1704283200000,0.03306,0.03319,0.02039,0.02652,874302120.0
1704304800000,1704304800000,0.02652,0.02746,0.02494,0.02736,163745410.0
1704326400000,1704326400000,0.02736,0.0282,0.02608,0.02779,95893680.0
1704348000000,1704348000000,0.02779,0.02923,0.02654,0.02743,135714350.0
1704369600000,1704369600000,0.02743,0.03018,0.027,0.02874,248508640.0
1704391200000,1704391200000,0.02874,0.03035,0.02835,0.02915,183937390.0
1704412800000,1704412800000,0.02915,0.03032,0.02749,0.02875,193108460.0
1704434400000,1704434400000,0.02875,0.02918,0.02712,0.02768,112129310.0
1704456000000,1704456000000,0.02768,0.02966,0.02709,0.02784,237256310.0
1704477600000,1704477600000,0.02784,0.02814,0.02737,0.02804,48590340.0
1704499200000,1704499200000,0.02804,0.0281,0.02631,0.02666,64519560.0
1704520800000,1704520800000,0.02666,0.02725,0.02577,0.02722,51001690.0
1704542400000,1704542400000,0.02722,0.02753,0.02673,0.02716,31602320.0
1704564000000,1704564000000,0.02716,0.02732,0.02635,0.0268,32358850.0
1704585600000,1704585600000,0.0268,0.0274,0.02647,0.02714,22421550.0
1704607200000,1704607200000,0.02714,0.02783,0.02648,0.02703,40281600.0
1704628800000,1704628800000,0.02703,0.02705,0.02552,0.02601,46484280.0
1704650400000,1704650400000,0.02601,0.02624,0.02405,0.02475,75071220.0
1704672000000,1704672000000,0.02475,0.0249,0.02236,0.02363,120111000.0
1704693600000,1704693600000,0.02363,0.02468,0.02343,0.02448,57864270.0
1704715200000,1704715200000,0.02448,0.0258,0.02429,0.02563,62531670.0
1704736800000,1704736800000,0.02563,0.02665,0.02547,0.02646,57432810.0
1704758400000,1704758400000,0.02646,0.02648,0.02548,0.02583,46117330.0
1704780000000,1704780000000,0.02583,0.02589,0.02479,0.02514,84934650.0
1704801600000,1704801600000,0.02514,0.0253,0.02372,0.02399,86722760.0
1704823200000,1704823200000,0.02399,0.02502,0.0232,0.0249,145274450.0
1704844800000,1704844800000,0.0249,0.02527,0.02441,0.02473,24720460.0
1704866400000,1704866400000,0.02473,0.02545,0.02405,0.02466,44434800.0
1704888000000,1704888000000,0.02466,0.02468,0.0234,0.02424,68681050.0
1704909600000,1704909600000,0.02424,0.02672,0.02367,0.02618,101835260.0
1704931200000,1704931200000,0.02618,0.0274,0.0258,0.02606,59016640.0
1704952800000,1704952800000,0.02606,0.02686,0.02554,0.02656,59075840.0
1704974400000,1704974400000,0.02656,0.02731,0.02541,0.02638,114054490.0
1704996000000,1704996000000,0.02638,0.02699,0.02604,0.02686,20033470.0
1705017600000,1705017600000,0.02686,0.03133,0.02675,0.02903,367548770.0
1705039200000,1705039200000,0.02903,0.02915,0.02767,0.02789,83313840.0
1705060800000,1705060800000,0.02789,0.02877,0.02611,0.02705,160544280.0
1705082400000,1705082400000,0.02705,0.02783,0.02507,0.02706,110909080.0
1705104000000,1705104000000,0.02706,0.02725,0.02571,0.02692,42458460.0
1705125600000,1705125600000,0.02692,0.02711,0.02633,0.02655,21594140.0
1705147200000,1705147200000,0.02655,0.02847,0.02618,0.02794,72122330.0
1705168800000,1705168800000,0.02794,0.02868,0.02776,0.02801,55642870.0
1705190400000,1705190400000,0.02801,0.02827,0.02713,0.02743,28987630.0
1705212000000,1705212000000,0.02743,0.0278,0.02684,0.02708,21722930.0
1705233600000,1705233600000,0.02708,0.02882,0.02696,0.02765,46533940.0
1705255200000,1705255200000,0.02765,0.02768,0.02667,0.02673,30980600.0
1705276800000,1705276800000,0.02673,0.0281,0.02673,0.02733,24469620.0
1705298400000,1705298400000,0.02733,0.02778,0.02689,0.02738,19891440.0
1705320000000,1705320000000,0.02738,0.02819,0.02679,0.02781,36182880.0
1705341600000,1705341600000,0.02781,0.02977,0.02751,0.02792,138639520.0
1705363200000,1705363200000,0.02792,0.02902,0.02755,0.02873,30077010.0
1705384800000,1705384800000,0.02873,0.03225,0.02868,0.0294,346933090.0
1705406400000,1705406400000,0.0294,0.02982,0.02823,0.02888,106919930.0
1705428000000,1705428000000,0.02888,0.02919,0.02859,0.02893,31738100.0
1705449600000,1705449600000,0.02893,0.02923,0.02789,0.02808,42897850.0
1705471200000,1705471200000,0.02808,0.02872,0.02782,0.02861,31364640.0
1705492800000,1705492800000,0.02861,0.03176,0.02846,0.03072,201517620.0
1705514400000,1705514400000,0.03072,0.03156,0.02965,0.03013,99105670.0
1705536000000,1705536000000,0.03013,0.03049,0.02864,0.02953,78027030.0
1705557600000,1705557600000,0.02953,0.03318,0.02939,0.03041,443937120.0
1705579200000,1705579200000,0.03041,0.03187,0.02886,0.02917,314502240.0
1705600800000,1705600800000,0.02917,0.03003,0.02829,0.02965,120950060.0
1705622400000,1705622400000,0.02965,0.02966,0.02709,0.02773,148621920.0
1705644000000,1705644000000,0.02773,0.02803,0.02732,0.02775,68274990.0
1705665600000,1705665600000,0.02775,0.02817,0.02563,0.02641,210205010.0
1705687200000,1705687200000,0.02641,0.02725,0.02612,0.02709,70603140.0
1705708800000,1705708800000,0.02709,0.02778,0.02687,0.02737,34104160.0
1705730400000,1705730400000,0.02737,0.02745,0.02671,0.02705,32768570.0
1705752000000,1705752000000,0.02705,0.02728,0.0263,0.02661,49854400.0
1705773600000,1705773600000,0.02661,0.0271,0.02634,0.02686,30095250.0
1705795200000,1705795200000,0.02686,0.02723,0.02653,0.02692,30936350.0
1705816800000,1705816800000,0.02692,0.02723,0.02663,0.027,30245500.0
1705838400000,1705838400000,0.027,0.02764,0.02645,0.02683,43883340.0
1705860000000,1705860000000,0.02683,0.02716,0.02639,0.02647,31400700.0
1705881600000,1705881600000,0.02647,0.02673,0.02505,0.02557,82534240.0
1705903200000,1705903200000,0.02557,0.02564,0.02431,0.02493,74991890.0
1705924800000,1705924800000,0.02493,0.02536,0.024,0.02477,72408510.0
1705946400000,1705946400000,0.02477,0.02483,0.02373,0.02426,56372300.0
1705968000000,1705968000000,0.02426,0.02471,0.02392,0.02447,25852180.0
1705989600000,1705989600000,0.02447,0.02552,0.0225,0.02304,160923480.0
1706011200000,1706011200000,0.02304,0.02345,0.02207,0.02308,93261550.0
1706032800000,1706032800000,0.02308,0.02366,0.0226,0.02364,38155080.0
1706054400000,1706054400000,0.02364,0.02393,0.02324,0.02345,28367940.0
1706076000000,1706076000000,0.02345,0.02436,0.02325,0.02394,34347240.0
1706097600000,1706097600000,0.02394,0.02456,0.0235,0.02417,41434820.0
1706119200000,1706119200000,0.02417,0.02442,0.02362,0.02435,30117710.0
1706140800000,1706140800000,0.02435,0.02445,0.02341,0.02366,30744180.0
1706162400000,1706162400000,0.02366,0.02413,0.02329,0.02364,36346900.0
1706184000000,1706184000000,0.02364,0.02522,0.02295,0.02388,187720760.0
1706205600000,1706205600000,0.02388,0.02455,0.02388,0.02424,30306460.0
1706227200000,1706227200000,0.02424,0.02457,0.02387,0.02433,20009610.0
1706248800000,1706248800000,0.02433,0.0251,0.02402,0.02489,32382420.0
1706270400000,1706270400000,0.02489,0.02559,0.0247,0.02532,59591390.0
1706292000000,1706292000000,0.02532,0.02551,0.02504,0.02525,19876520.0
1706313600000,1706313600000,0.02525,0.02633,0.0252,0.02614,48826050.0
1706335200000,1706335200000,0.02614,0.02737,0.0258,0.0266,177936970.0
1706356800000,1706356800000,0.0266,0.02686,0.02637,0.02662,52101100.0
1706378400000,1706378400000,0.02662,0.02679,0.02646,0.02673,26893260.0
1706400000000,1706400000000,0.02673,0.02717,0.0263,0.02657,40291320.0
1706421600000,1706421600000,0.02657,0.02673,0.02611,0.02631,24506880.0
1706443200000,1706443200000,0.02631,0.02656,0.02594,0.02634,32248280.0
1706464800000,1706464800000,0.02634,0.02637,0.02553,0.02595,36480530.0
1706486400000,1706486400000,0.02595,0.02639,0.02583,0.0261,14179990.0
1706508000000,1706508000000,0.0261,0.02617,0.02573,0.02594,16368110.0
1706529600000,1706529600000,0.02594,0.02651,0.02524,0.02624,36215390.0
1706551200000,1706551200000,0.02624,0.02678,0.02624,0.02652,21676800.0
1706572800000,1706572800000,0.02652,0.02685,0.02616,0.02637,18506590.0
1706594400000,1706594400000,0.02637,0.02659,0.02614,0.02644,15627510.0
1706616000000,1706616000000,0.02644,0.02655,0.02578,0.02631,36230460.0
1706637600000,1706637600000,0.02631,0.02681,0.0256,0.02584,35746180.0
1706659200000,1706659200000,0.02584,0.02598,0.02522,0.02544,32170870.0
1706680800000,1706680800000,0.02544,0.02547,0.02463,0.02497,30070610.0
1706702400000,1706702400000,0.02497,0.02514,0.02435,0.02498,40893700.0
1706724000000,1706724000000,0.02498,0.0251,0.02401,0.02427,34212520.0
1706745600000,1706745600000,0.02427,0.02442,0.02352,0.02377,40782970.0
1706767200000,1706767200000,0.02377,0.0241,0.02361,0.02383,15539260.0
1706788800000,1706788800000,0.02383,0.02432,0.02358,0.02413,24594110.0
1706810400000,1706810400000,0.02413,0.02426,0.0239,0.02415,10270920.0
1706832000000,1706832000000,0.02415,0.02449,0.02404,0.0242,16627490.0
1706853600000,1706853600000,0.0242,0.02436,0.02394,0.02419,17723490.0
1706875200000,1706875200000,0.02419,0.02437,0.02368,0.02403,29268890.0
1706896800000,1706896800000,0.02403,0.02437,0.02388,0.02422,14563060.0
1706918400000,1706918400000,0.02422,0.02442,0.02411,0.02422,9642350.0
1706940000000,1706940000000,0.02422,0.02423,0.02384,0.02408,12893800.0
1706961600000,1706961600000,0.02408,0.02428,0.02372,0.02426,25579090.0
1706983200000,1706983200000,0.02426,0.0269,0.02423,0.02664,281531610.0
1707004800000,1707004800000,0.02664,0.02678,0.02533,0.02558,128120160.0
1707026400000,1707026400000,0.02558,0.026,0.02497,0.02532,81951870.0
1707048000000,1707048000000,0.02532,0.02658,0.02522,0.02641,155328390.0
1707069600000,1707069600000,0.02641,0.02641,0.02509,0.02534,56838130.0
1707091200000,1707091200000,0.02534,0.02538,0.0247,0.02515,40450090.0
1707112800000,1707112800000,0.02515,0.02631,0.02512,0.02589,79547570.0
1707134400000,1707134400000,0.02589,0.0259,0.02509,0.02539,53166490.0
1707156000000,1707156000000,0.02539,0.02542,0.02483,0.02532,18090840.0
1707177600000,1707177600000,0.02532,0.02573,0.02523,0.02535,25134020.0
1707199200000,1707199200000,0.02535,0.0256,0.02502,0.02521,41373350.0
1707220800000,1707220800000,0.02521,0.02548,0.02477,0.02533,43467870.0
1707242400000,1707242400000,0.02533,0.02538,0.02486,0.02494,25982420.0
1707264000000,1707264000000,0.02494,0.0255,0.02483,0.02513,36526610.0
1707285600000,1707285600000,0.02513,0.0258,0.02504,0.02562,26937790.0
1707307200000,1707307200000,0.02562,0.02607,0.0253,0.02566,50682200.0
1707328800000,1707328800000,0.02566,0.026,0.02557,0.02591,24101230.0
1707350400000,1707350400000,0.02591,0.02612,0.02571,0.02581,20388220.0
1707372000000,1707372000000,0.02581,0.02651,0.02563,0.02609,55726300.0
1707393600000,1707393600000,0.02609,0.02636,0.02554,0.02576,59285030.0
1707415200000,1707415200000,0.02576,0.0259,0.02566,0.02576,18707080.0
1707436800000,1707436800000,0.02576,0.02616,0.02567,0.02603,25986240.0
1707458400000,1707458400000,0.02603,0.02641,0.02597,0.02622,32363650.0
1707480000000,1707480000000,0.02622,0.02658,0.02588,0.0262,49450820.0
1707501600000,1707501600000,0.0262,0.0268,0.02597,0.02663,30711520.0
1707523200000,1707523200000,0.02663,0.02805,0.02634,0.02734,85821150.0
1707544800000,1707544800000,0.02734,0.0279,0.02644,0.02691,68655280.0
1707566400000,1707566400000,0.02691,0.02734,0.02663,0.02711,41763690.0
1707588000000,1707588000000,0.02711,0.02741,0.0268,0.02688,34883590.0
1707609600000,1707609600000,0.02688,0.0274,0.02677,0.0271,19026490.0
1707631200000,1707631200000,0.0271,0.02775,0.02673,0.027,35875980.0
1707652800000,1707652800000,0.027,0.027,0.02642,0.0266,26534900.0
1707674400000,1707674400000,0.0266,0.02661,0.02603,0.0262,25789120.0
1707696000000,1707696000000,0.0262,0.02649,0.02581,0.0259,23541570.0
1707717600000,1707717600000,0.0259,0.02605,0.02511,0.02537,33909920.0
1707739200000,1707739200000,0.02537,0.02661,0.02528,0.02654,35279080.0
1707760800000,1707760800000,0.02654,0.02679,0.02618,0.02653,42240530.0
1707782400000,1707782400000,0.02653,0.02684,0.02628,0.02674,21014100.0
1707804000000,1707804000000,0.02674,0.02744,0.02646,0.02664,40169030.0
1707825600000,1707825600000,0.02664,0.02668,0.02556,0.02615,80939750.0
1707847200000,1707847200000,0.02615,0.02642,0.02603,0.02639,19576620.0
1707868800000,1707868800000,0.02639,0.0266,0.02613,0.02657,14997230.0
1707890400000,1707890400000,0.02657,0.02729,0.02641,0.02713,43143780.0
1707912000000,1707912000000,0.02713,0.02741,0.02679,0.0269,53010380.0
1707933600000,1707933600000,0.0269,0.0278,0.02684,0.02761,34288310.0
1707955200000,1707955200000,0.02761,0.02826,0.02693,0.02721,96628830.0
1707976800000,1707976800000,0.02721,0.03298,0.02719,0.03123,748178130.0
1707998400000,1707998400000,0.03123,0.03895,0.0309,0.03674,1758755920.0
1708020000000,1708020000000,0.03674,0.03752,0.03323,0.03444,631574610.0
1708041600000,1708041600000,0.03444,0.03554,0.03279,0.03323,413861780.0
1708063200000,1708063200000,0.03323,0.03335,0.0321,0.03245,311752790.0
1708084800000,1708084800000,0.03245,0.03319,0.03111,0.03145,272344140.0
1708106400000,1708106400000,0.03145,0.03212,0.03118,0.03194,52994570.0
1708128000000,1708128000000,0.03194,0.03225,0.03023,0.03111,97796850.0
1708149600000,1708149600000,0.03111,0.03172,0.0305,0.03151,87716510.0
1708171200000,1708171200000,0.03151,0.03201,0.03072,0.03143,112952810.0
1708192800000,1708192800000,0.03143,0.0324,0.03109,0.03201,48424190.0
1708214400000,1708214400000,0.03201,0.03209,0.03096,0.03175,60611400.0
1708236000000,1708236000000,0.03175,0.03189,0.03093,0.03157,40787610.0
1708257600000,1708257600000,0.03157,0.03211,0.03112,0.03197,45609600.0
1708279200000,1708279200000,0.03197,0.03199,0.03127,0.03158,34379800.0
1708300800000,1708300800000,0.03158,0.03567,0.03157,0.03397,251804320.0
1708322400000,1708322400000,0.03397,0.0348,0.03259,0.03329,167483890.0
1708344000000,1708344000000,0.03329,0.03332,0.03191,0.03228,90409490.0
1708365600000,1708365600000,0.03228,0.03365,0.03226,0.03363,50458680.0
1708387200000,1708387200000,0.03363,0.03522,0.03203,0.03291,191213100.0
1708408800000,1708408800000,0.03291,0.03295,0.03177,0.03282,63478030.0
1708430400000,1708430400000,0.03282,0.03296,0.02817,0.03002,211032750.0
1708452000000,1708452000000,0.03002,0.03121,0.02993,0.03096,54165300.0
1708473600000,1708473600000,0.03096,0.03141,0.03036,0.03045,52231280.0
1708495200000,1708495200000,0.03045,0.03055,0.02851,0.02899,80461500.0
1708516800000,1708516800000,0.02899,0.03142,0.02841,0.03064,144999940.0
1708538400000,1708538400000,0.03064,0.03245,0.03014,0.03078,202699700.0
1708560000000,1708560000000,0.03078,0.03091,0.02961,0.02983,55468740.0
1708581600000,1708581600000,0.02983,0.03074,0.02983,0.03011,60852810.0
1708603200000,1708603200000,0.03011,0.0304,0.02933,0.03022,56739540.0
1708624800000,1708624800000,0.03022,0.03079,0.02981,0.02987,34006250.0
1708646400000,1708646400000,0.02987,0.03225,0.02918,0.03199,85715570.0
1708668000000,1708668000000,0.03199,0.03205,0.03025,0.0312,158815700.0
1708689600000,1708689600000,0.0312,0.03143,0.02947,0.03053,107775920.0
1708711200000,1708711200000,0.03053,0.03185,0.03029,0.03105,77958140.0
1708732800000,1708732800000,0.03105,0.03226,0.03031,0.03181,101439050.0
1708754400000,1708754400000,0.03181,0.0321,0.03132,0.03171,61430500.0
1708776000000,1708776000000,0.03171,0.03405,0.03138,0.03269,167223410.0
1708797600000,1708797600000,0.03269,0.03305,0.0323,0.0324,49604600.0
1708819200000,1708819200000,0.0324,0.03354,0.03206,0.03245,64815940.0
1708840800000,1708840800000,0.03245,0.03318,0.03198,0.0325,48342770.0
1708862400000,1708862400000,0.0325,0.03986,0.03205,0.03702,609717170.0
1708884000000,1708884000000,0.03702,0.04157,0.03684,0.03876,389996500.0
1708905600000,1708905600000,0.03876,0.03919,0.03667,0.0368,274045700.0
1708927200000,1708927200000,0.0368,0.03767,0.03547,0.03578,296373720.0
1708948800000,1708948800000,0.03578,0.03732,0.0354,0.03719,256309150.0
1708970400000,1708970400000,0.03719,0.0375,0.03562,0.03603,144172490.0
1708992000000,1708992000000,0.03603,0.0372,0.0353,0.0362,101394460.0
1709013600000,1709013600000,0.0362,0.03752,0.03609,0.03678,118031430.0
1709035200000,1709035200000,0.03678,0.03728,0.0352,0.03539,157202980.0
1709056800000,1709056800000,0.03539,0.03619,0.03522,0.03587,49802390.0
1709078400000,1709078400000,0.03587,0.03661,0.03529,0.03537,47418580.0
1709100000000,1709100000000,0.03537,0.03911,0.03508,0.03648,185290440.0
1709121600000,1709121600000,0.03648,0.03798,0.03008,0.03384,280016360.0
1709143200000,1709143200000,0.03384,0.03574,0.03191,0.03506,156584760.0
1709164800000,1709164800000,0.03506,0.03799,0.03506,0.03715,166857110.0
1709186400000,1709186400000,0.03715,0.0391,0.03641,0.03645,165401210.0
1709208000000,1709208000000,0.03645,0.04194,0.03625,0.03745,369360030.0
1709229600000,1709229600000,0.03745,0.03787,0.03322,0.03548,141235110.0
1709251200000,1709251200000,0.03548,0.03594,0.03487,0.03568,74240580.0
1709272800000,1709272800000,0.03568,0.03662,0.03496,0.03593,86281920.0
1709294400000,1709294400000,0.03593,0.03648,0.03524,0.0362,72276620.0
1709316000000,1709316000000,0.0362,0.03812,0.03582,0.037,91173820.0
1709337600000,1709337600000,0.037,0.03961,0.03671,0.03933,133967540.0
1709359200000,1709359200000,0.03933,0.04025,0.03756,0.03772,151378110.0
1709380800000,1709380800000,0.03772,0.04396,0.03658,0.04021,366510060.0
1709402400000,1709402400000,0.04021,0.04054,0.03837,0.03963,89641900.0
1709424000000,1709424000000,0.03963,0.03998,0.03813,0.03851,62086190.0
1709445600000,1709445600000,0.03851,0.03857,0.03336,0.03708,164018500.0
1709467200000,1709467200000,0.03708,0.03904,0.03689,0.03768,90035810.0
1709488800000,1709488800000,0.03768,0.03778,0.03674,0.03711,46199680.0
1709510400000,1709510400000,0.03711,0.03766,0.03585,0.03739,58036800.0
1709532000000,1709532000000,0.03739,0.03831,0.03628,0.037,76104020.0
1709553600000,1709553600000,0.037,0.03818,0.0357,0.03579,135380450.0
1709575200000,1709575200000,0.03579,0.03663,0.03502,0.03603,74919500.0
1709596800000,1709596800000,0.03603,0.03805,0.03555,0.03689,120275180.0
1709618400000,1709618400000,0.03689,0.03714,0.0357,0.03663,64158720.0
1709640000000,1709640000000,0.03663,0.04612,0.03661,0.03878,824983620.0
1709661600000,1709661600000,0.03878,0.03893,0.03019,0.03691,372155710.0
1709683200000,1709683200000,0.03691,0.03757,0.03492,0.03757,123716380.0
1709704800000,1709704800000,0.03757,0.03958,0.03705,0.03762,151608380.0
1709726400000,1709726400000,0.03762,0.03789,0.03543,0.03627,119573430.0
1709748000000,1709748000000,0.03627,0.03636,0.03534,0.03591,44680130.0
1709769600000,1709769600000,0.03591,0.037,0.03542,0.0356,61583710.0
1709791200000,1709791200000,0.0356,0.03649,0.03549,0.0358,41484660.0
1709812800000,1709812800000,0.0358,0.03787,0.03498,0.03632,109652440.0
1709834400000,1709834400000,0.03632,0.03637,0.03576,0.03625,26622060.0
1709856000000,1709856000000,0.03625,0.037,0.03611,0.03659,42580860.0
1709877600000,1709877600000,0.03659,0.03703,0.03604,0.03636,42129750.0
1709899200000,1709899200000,0.03636,0.03673,0.03293,0.03551,132197950.0
1709920800000,1709920800000,0.03551,0.03611,0.0352,0.03593,33301100.0
1709942400000,1709942400000,0.03593,0.03682,0.03579,0.0366,24829850.0
1709964000000,1709964000000,0.0366,0.03676,0.03549,0.03625,30435050.0
1709985600000,1709985600000,0.03625,0.03641,0.03554,0.03586,34807130.0
1710007200000,1710007200000,0.03586,0.03604,0.03537,0.03598,21412080.0
1710028800000,1710028800000,0.03598,0.03686,0.03565,0.03596,48334860.0
1710050400000,1710050400000,0.03596,0.03611,0.03483,0.03519,40664370.0
1710072000000,1710072000000,0.03519,0.03533,0.03381,0.03494,83707420.0
1710093600000,1710093600000,0.03494,0.03513,0.03361,0.03463,36297240.0
1710115200000,1710115200000,0.03463,0.03474,0.03208,0.03421,70749900.0
1710136800000,1710136800000,0.03421,0.03628,0.03389,0.03497,61449350.0
1710158400000,1710158400000,0.03497,0.03626,0.03437,0.03526,89126080.0
1710180000000,1710180000000,0.03526,0.03589,0.03514,0.03563,29798070.0
1710201600000,1710201600000,0.03563,0.03621,0.0351,0.03601,43083340.0
1710223200000,1710223200000,0.03601,0.03608,0.03377,0.03455,73244210.0
1710244800000,1710244800000,0.03455,0.03688,0.03277,0.03541,175856750.0
1710266400000,1710266400000,0.03541,0.03585,0.03498,0.03563,48558240.0
1710288000000,1710288000000,0.03563,0.03627,0.03539,0.0357,32047090.0
1710309600000,1710309600000,0.0357,0.036,0.03511,0.03523,35114790.0
1710331200000,1710331200000,0.03523,0.03539,0.0339,0.03487,60292330.0
1710352800000,1710352800000,0.03487,0.03528,0.03466,0.03507,18561140.0
1710374400000,1710374400000,0.03507,0.03555,0.03473,0.03512,26902070.0
1710396000000,1710396000000,0.03512,0.03559,0.03436,0.0348,28259580.0
1710417600000,1710417600000,0.0348,0.03492,0.03335,0.03423,62655200.0
1710439200000,1710439200000,0.03423,0.03454,0.0322,0.0343,66930620.0
1710460800000,1710460800000,0.0343,0.03478,0.03045,0.03175,168926290.0
1710482400000,1710482400000,0.03175,0.03303,0.02937,0.0307,154535950.0
1710504000000,1710504000000,0.0307,0.03153,0.03048,0.03109,58293410.0
1710525600000,1710525600000,0.03109,0.03212,0.03044,0.03164,48184020.0
1710547200000,1710547200000,0.03164,0.0319,0.03092,0.03141,39797000.0
1710568800000,1710568800000,0.03141,0.03171,0.03076,0.03111,35900550.0
1710590400000,1710590400000,0.03111,0.03112,0.02935,0.02943,76917640.0
1710612000000,1710612000000,0.02943,0.02953,0.02788,0.02861,100665280.0
1710633600000,1710633600000,0.02861,0.02941,0.02823,0.02901,33611780.0
1710655200000,1710655200000,0.02901,0.0294,0.02725,0.02901,50684430.0
1710676800000,1710676800000,0.02901,0.02966,0.02823,0.02956,32234710.0
1710698400000,1710698400000,0.02956,0.02972,0.02918,0.02941,16709660.0
1710720000000,1710720000000,0.02941,0.02979,0.02835,0.02968,24211840.0
1710741600000,1710741600000,0.02968,0.02971,0.02836,0.02866,28512840.0
1710763200000,1710763200000,0.02866,0.0301,0.02721,0.02763,126040660.0
1710784800000,1710784800000,0.02763,0.02804,0.02723,0.02757,28047780.0
1710806400000,1710806400000,0.02757,0.02796,0.02531,0.02578,104913030.0
1710828000000,1710828000000,0.02578,0.02592,0.02395,0.02553,141283820.0
1710849600000,1710849600000,0.02553,0.02662,0.02517,0.02645,48553240.0
1710871200000,1710871200000,0.02645,0.02674,0.02437,0.02515,41643670.0
1710892800000,1710892800000,0.02515,0.02607,0.02431,0.02479,67357270.0
1710914400000,1710914400000,0.02479,0.02625,0.02476,0.02604,39562070.0
1710936000000,1710936000000,0.02604,0.02636,0.02463,0.0258,65628760.0
1710957600000,1710957600000,0.0258,0.02765,0.02579,0.02745,48156940.0
1710979200000,1710979200000,0.02745,0.02785,0.02652,0.02704,49831420.0
1711000800000,1711000800000,0.02704,0.02741,0.02688,0.02726,30643380.0
1711022400000,1711022400000,0.02726,0.02862,0.02726,0.02801,92705310.0
1711044000000,1711044000000,0.02801,0.02837,0.02718,0.02815,29460430.0
1711065600000,1711065600000,0.02815,0.02838,0.02744,0.02832,34451140.0
1711087200000,1711087200000,0.02832,0.0284,0.02685,0.02706,34853360.0
1711108800000,1711108800000,0.02706,0.0274,0.02623,0.02735,96256000.0
1711130400000,1711130400000,0.02735,0.02912,0.02721,0.02834,160427410.0
1711152000000,1711152000000,0.02834,0.02856,0.02786,0.02802,42216840.0
1711173600000,1711173600000,0.02802,0.03025,0.02783,0.02978,226449750.0
1711195200000,1711195200000,0.02978,0.03026,0.02883,0.02895,128058730.0
1711216800000,1711216800000,0.02895,0.02941,0.02888,0.02907,42841830.0
1711238400000,1711238400000,0.02907,0.02988,0.02855,0.02885,72976240.0
1711260000000,1711260000000,0.02885,0.02912,0.02854,0.02872,35220670.0
1711281600000,1711281600000,0.02872,0.02998,0.02857,0.02958,79455800.0
1711303200000,1711303200000,0.02958,0.03072,0.02946,0.03008,117120560.0
1711324800000,1711324800000,0.03008,0.0309,0.02983,0.03039,60262470.0
1711346400000,1711346400000,0.03039,0.03113,0.0299,0.02996,75116500.0
1711368000000,1711368000000,0.02996,0.03095,0.02976,0.03059,56318220.0
1711389600000,1711389600000,0.03059,0.031,0.0303,0.03051,35250370.0
1711411200000,1711411200000,0.03051,0.03101,0.03046,0.03096,22509520.0
1711432800000,1711432800000,0.03096,0.03133,0.03068,0.03101,52374220.0
1711454400000,1711454400000,0.03101,0.03107,0.0293,0.02983,75968000.0
1711476000000,1711476000000,0.02983,0.03006,0.02959,0.02993,23855990.0
1711497600000,1711497600000,0.02993,0.03068,0.02977,0.03018,22977690.0
1711519200000,1711519200000,0.03018,0.0304,0.0286,0.02895,63946290.0
1711540800000,1711540800000,0.02895,0.02948,0.02767,0.02835,88801990.0
1711562400000,1711562400000,0.02835,0.02862,0.02812,0.02841,16233840.0
1711584000000,1711584000000,0.02841,0.02863,0.02796,0.02842,25982030.0
1711605600000,1711605600000,0.02842,0.02893,0.0283,0.02879,22112170.0
1711627200000,1711627200000,0.02879,0.02918,0.02835,0.02891,39434680.0
1711648800000,1711648800000,0.02891,0.0298,0.02877,0.02961,27800460.0
1711670400000,1711670400000,0.02961,0.02966,0.02875,0.0289,24030440.0
1711692000000,1711692000000,0.0289,0.02912,0.02822,0.02886,32229250.0
1711713600000,1711713600000,0.02886,0.02906,0.02797,0.0284,40211900.0
1711735200000,1711735200000,0.0284,0.02847,0.02798,0.02832,14541030.0
1711756800000,1711756800000,0.02832,0.02875,0.02817,0.02859,9828630.0
1711778400000,1711778400000,0.02859,0.0286,0.02811,0.02839,20996280.0
1711800000000,1711800000000,0.02839,0.02865,0.02822,0.02848,28949660.0
1711821600000,1711821600000,0.02848,0.02855,0.02778,0.0281,29701350.0
1711843200000,1711843200000,0.0281,0.02844,0.02799,0.02844,17940090.0
1711864800000,1711864800000,0.02844,0.02876,0.02834,0.0285,20228960.0
1711886400000,1711886400000,0.0285,0.02896,0.02825,0.02857,30045120.0
1711908000000,1711908000000,0.02857,0.02895,0.02844,0.02879,22320440.0
1711929600000,1711929600000,0.02879,0.02908,0.0267,0.02709,123756670.0
1711951200000,1711951200000,0.02709,0.02769,0.02705,0.02744,52870290.0
1711972800000,1711972800000,0.02744,0.02792,0.02652,0.0269,75843050.0
1711994400000,1711994400000,0.0269,0.02739,0.02653,0.02726,22562870.0
1712016000000,1712016000000,0.02726,0.02729,0.02521,0.02592,116689190.0
1712037600000,1712037600000,0.02592,0.02617,0.02498,0.02551,55865020.0
1712059200000,1712059200000,0.02551,0.02602,0.02506,0.02587,44697080.0
1712080800000,1712080800000,0.02587,0.02591,0.02546,0.02551,16714250.0
1712102400000,1712102400000,0.02551,0.0258,0.02437,0.02565,50748160.0
1712124000000,1712124000000,0.02565,0.02641,0.02564,0.02583,43137820.0
1712145600000,1712145600000,0.02583,0.02613,0.02545,0.0256,33647870.0
1712167200000,1712167200000,0.0256,0.02568,0.02486,0.02529,21159780.0
1712188800000,1712188800000,0.02529,0.0258,0.02501,0.0256,35877120.0
1712210400000,1712210400000,0.0256,0.02592,0.02542,0.02583,21417140.0
1712232000000,1712232000000,0.02583,0.02622,0.02577,0.02618,18487800.0
1712253600000,1712253600000,0.02618,0.02629,0.02532,0.02569,19728930.0
1712275200000,1712275200000,0.02569,0.02579,0.02481,0.02512,21162190.0
1712296800000,1712296800000,0.02512,0.02527,0.02441,0.02453,34356460.0
1712318400000,1712318400000,0.02453,0.02535,0.02434,0.02516,33901790.0
1712340000000,1712340000000,0.02516,0.02553,0.02497,0.02499,19372280.0
1712361600000,1712361600000,0.02499,0.02567,0.02493,0.02559,10916420.0
1712383200000,1712383200000,0.02559,0.02562,0.02534,0.02544,8810940.0
1712404800000,1712404800000,0.02544,0.02562,0.02526,0.02552,14950020.0
1712426400000,1712426400000,0.02552,0.0258,0.02539,0.02565,6316980.0
1712448000000,1712448000000,0.02565,0.02602,0.02556,0.02602,6614270.0
1712469600000,1712469600000,0.02602,0.02624,0.02577,0.02613,15763570.0
1712491200000,1712491200000,0.02613,0.02621,0.02587,0.02593,18210960.0
1712512800000,1712512800000,0.02593,0.02626,0.02576,0.02622,18093860.0
1712534400000,1712534400000,0.02622,0.02622,0.02542,0.02569,10263540.0
1712556000000,1712556000000,0.02569,0.02654,0.02559,0.02652,22310870.0
1712577600000,1712577600000,0.02652,0.02677,0.02642,0.02664,18136950.0
1712599200000,1712599200000,0.02664,0.02718,0.02645,0.02695,13967290.0
1712620800000,1712620800000,0.02695,0.02703,0.02646,0.02669,20530520.0
1712642400000,1712642400000,0.02669,0.02672,0.02554,0.0262,34874160.0
1712664000000,1712664000000,0.0262,0.02624,0.02502,0.0257,52476790.0
1712685600000,1712685600000,0.0257,0.02589,0.02534,0.02545,11799910.0
1712707200000,1712707200000,0.02545,0.0257,0.02461,0.02515,26448400.0
1712728800000,1712728800000,0.02515,0.02532,0.02471,0.02501,13646440.0
1712750400000,1712750400000,0.02501,0.02523,0.02382,0.02505,58974560.0
1712772000000,1712772000000,0.02505,0.02535,0.02474,0.02522,13730100.0
1712793600000,1712793600000,0.02522,0.02549,0.02514,0.02536,9094350.0
1712815200000,1712815200000,0.02536,0.02558,0.02477,0.02482,14557490.0
1712836800000,1712836800000,0.02482,0.02518,0.02451,0.02483,23734410.0
1712858400000,1712858400000,0.02483,0.02515,0.02457,0.02469,11016610.0
1712880000000,1712880000000,0.02469,0.02527,0.02468,0.02514,11781630.0
1712901600000,1712901600000,0.02514,0.02514,0.02459,0.02487,9331320.0
1712923200000,1712923200000,0.02487,0.02487,0.02018,0.02149,265465470.0
1712944800000,1712944800000,0.02149,0.02163,0.01621,0.01964,399469350.0
1712966400000,1712966400000,0.01964,0.01974,0.01858,0.01966,62024350.0
1712988000000,1712988000000,0.01966,0.01992,0.01937,0.01958,33097360.0
1713009600000,1713009600000,0.01958,0.0199,0.01728,0.01778,282051130.0
1713031200000,1713031200000,0.01778,0.01849,0.01378,0.0163,1044290950.0
1713052800000,1713052800000,0.0163,0.01723,0.01563,0.01705,175143530.0
1713074400000,1713074400000,0.01705,0.01763,0.01658,0.01672,87913930.0
1713096000000,1713096000000,0.01672,0.01737,0.01622,0.01682,226123290.0
1713117600000,1713117600000,0.01682,0.01797,0.01666,0.01772,86875830.0
1713139200000,1713139200000,0.01772,0.01775,0.01712,0.01771,44454720.0
1713160800000,1713160800000,0.01771,0.01863,0.01765,0.01813,94258990.0
1713182400000,1713182400000,0.01813,0.01848,0.01682,0.01701,122205480.0
1713204000000,1713204000000,0.01701,0.01723,0.01635,0.0171,84509920.0
1713225600000,1713225600000,0.0171,0.01721,0.01618,0.01668,49167390.0
1713247200000,1713247200000,0.01668,0.01723,0.01637,0.017,46274820.0
1713268800000,1713268800000,0.017,0.01701,0.0162,0.01674,50814430.0
1713290400000,1713290400000,0.01674,0.01724,0.01667,0.01708,24298920.0
1713312000000,1713312000000,0.01708,0.01746,0.01679,0.01714,25019910.0
1713333600000,1713333600000,0.01714,0.01728,0.01669,0.01671,24402340.0
1713355200000,1713355200000,0.01671,0.01703,0.0162,0.01688,80469310.0
1713376800000,1713376800000,0.01688,0.01734,0.01673,0.01684,28927890.0
1713398400000,1713398400000,0.01684,0.01715,0.01639,0.01678,36343010.0
1713420000000,1713420000000,0.01678,0.01703,0.0163,0.01687,37985910.0
1713441600000,1713441600000,0.01687,0.01735,0.01652,0.017,35013750.0
1713463200000,1713463200000,0.017,0.01744,0.01686,0.01726,19910610.0
1713484800000,1713484800000,0.01726,0.01727,0.01595,0.01679,72758590.0
1713506400000,1713506400000,0.01679,0.01779,0.01667,0.01766,46399690.0
1713528000000,1713528000000,0.01766,0.01775,0.01736,0.01769,31610620.0
1713549600000,1713549600000,0.01769,0.01771,0.01701,0.01727,26273860.0
1713571200000,1713571200000,0.01727,0.01764,0.01701,0.0176,24265620.0
1713592800000,1713592800000,0.0176,0.01776,0.01743,0.01768,20675070.0
1713614400000,1713614400000,0.01768,0.02171,0.01762,0.02145,394151040.0
1713636000000,1713636000000,0.02145,0.02234,0.02027,0.02053,387300390.0
1713657600000,1713657600000,0.02053,0.02054,0.01995,0.02006,83098160.0
1713679200000,1713679200000,0.02006,0.02038,0.0199,0.02019,73486210.0
1713700800000,1713700800000,0.02019,0.02025,0.01906,0.01945,86554460.0
1713722400000,1713722400000,0.01945,0.01985,0.01933,0.01967,44109950.0
1713744000000,1713744000000,0.01967,0.02032,0.0196,0.0203,52147640.0
1713765600000,1713765600000,0.0203,0.02036,0.01978,0.01998,40720560.0
1713787200000,1713787200000,0.01998,0.02029,0.01964,0.0199,54077550.0
1713808800000,1713808800000,0.0199,0.02008,0.01964,0.01991,23964380.0
1713830400000,1713830400000,0.01991,0.02009,0.01941,0.01975,27973200.0
1713852000000,1713852000000,0.01975,0.02044,0.01958,0.01985,115703350.0
1713873600000,1713873600000,0.01985,0.0202,0.01977,0.01999,44995610.0
1713895200000,1713895200000,0.01999,0.02001,0.01959,0.01975,23840990.0
1713916800000,1713916800000,0.01975,0.02035,0.01965,0.02008,40771730.0
1713938400000,1713938400000,0.02008,0.02039,0.01987,0.02033,30964660.0
1713960000000,1713960000000,0.02033,0.02039,0.01883,0.01923,81926840.0
1713981600000,1713981600000,0.01923,0.01923,0.01838,0.01866,50292160.0
1714003200000,1714003200000,0.01866,0.01892,0.01804,0.0186,72764210.0
1714024800000,1714024800000,0.0186,0.01874,0.01818,0.01842,52375930.0
1714046400000,1714046400000,0.01842,0.01914,0.01814,0.01902,71754360.0
1714068000000,1714068000000,0.01902,0.01955,0.01889,0.01907,38301940.0
1714089600000,1714089600000,0.01907,0.01913,0.01851,0.01897,54338350.0
1714111200000,1714111200000,0.01897,0.01966,0.01867,0.01881,178690540.0
1714132800000,1714132800000,0.01881,0.01924,0.01848,0.01909,54914320.0
1714154400000,1714154400000,0.01909,0.0199,0.01901,0.01928,91566420.0
1714176000000,1714176000000,0.01928,0.01929,0.01787,0.01838,115496410.0
1714197600000,1714197600000,0.01838,0.01862,0.01815,0.01828,31740110.0
1714219200000,1714219200000,0.01828,0.01897,0.01823,0.01892,45721030.0
1714240800000,1714240800000,0.01892,0.019,0.01861,0.01887,34611190.0
1714262400000,1714262400000,0.01887,0.01932,0.01886,0.01907,19513070.0
1714284000000,1714284000000,0.01907,0.0192,0.01878,0.01885,21757420.0
1714305600000,1714305600000,0.01885,0.01948,0.01883,0.01939,53261660.0
1714327200000,1714327200000,0.01939,0.01947,0.01889,0.01899,40057130.0
1714348800000,1714348800000,0.01899,0.01942,0.01842,0.01871,54090130.0
1714370400000,1714370400000,0.01871,0.01873,0.01805,0.01826,47758510.0
1714392000000,1714392000000,0.01826,0.01895,0.01821,0.01874,58602370.0
1714413600000,1714413600000,0.01874,0.01923,0.01863,0.01908,62661430.0
1714435200000,1714435200000,0.01908,0.01922,0.01861,0.01882,23222870.0
1714456800000,1714456800000,0.01882,0.0191,0.01737,0.01755,117750110.0
1714478400000,1714478400000,0.01755,0.01778,0.017,0.01719,136721240.0
1714500000000,1714500000000,0.01719,0.01781,0.01687,0.01774,83079100.0
1714521600000,1714521600000,0.01774,0.01792,0.01754,0.01766,31924910.0
1714543200000,1714543200000,0.01766,0.01769,0.01626,0.01741,103723420.0
1714564800000,1714564800000,0.01741,0.01799,0.01712,0.01785,71431030.0
1714586400000,1714586400000,0.01785,0.01834,0.0176,0.01804,100949400.0
1714608000000,1714608000000,0.01804,0.01814,0.01753,0.01782,53471600.0
1714629600000,1714629600000,0.01782,0.01843,0.01778,0.01843,31668080.0
1714651200000,1714651200000,0.01843,0.02003,0.01818,0.01981,211189910.0
1714672800000,1714672800000,0.01981,0.02034,0.01912,0.01921,247566670.0
1714694400000,1714694400000,0.01921,0.01983,0.01901,0.01951,59594620.0
1714716000000,1714716000000,0.01951,0.01972,0.01912,0.01921,53145970.0
1714737600000,1714737600000,0.01921,0.02004,0.01915,0.01947,95864420.0
1714759200000,1714759200000,0.01947,0.01983,0.01945,0.0196,36004550.0
1714780800000,1714780800000,0.0196,0.01984,0.01938,0.01959,24994640.0
1714802400000,1714802400000,0.01959,0.01997,0.01949,0.01975,31881240.0
1714824000000,1714824000000,0.01975,0.01985,0.0195,0.01966,30102510.0
1714845600000,1714845600000,0.01966,0.01984,0.01947,0.01958,20055480.0
1714867200000,1714867200000,0.01958,0.0196,0.01896,0.01912,33664280.0
1714888800000,1714888800000,0.01912,0.01951,0.0191,0.0194,18190320.0
1714910400000,1714910400000,0.0194,0.01989,0.01924,0.01971,38810270.0
1714932000000,1714932000000,0.01971,0.0231,0.01951,0.02215,618482550.0
1714953600000,1714953600000,0.02215,0.02692,0.02181,0.02342,1358532240.0
1714975200000,1714975200000,0.02342,0.02388,0.02231,0.02248,647992230.0
1714996800000,1714996800000,0.02248,0.02352,0.02136,0.02144,744522540.0
1715018400000,1715018400000,0.02144,0.02178,0.02109,0.02129,275087590.0
1715040000000,1715040000000,0.02129,0.02169,0.02081,0.02113,217809560.0
1715061600000,1715061600000,0.02113,0.02142,0.02072,0.02078,139809870.0
1715083200000,1715083200000,0.02078,0.02127,0.02062,0.02102,139709120.0
1715104800000,1715104800000,0.02102,0.02148,0.02071,0.021,133988300.0
1715126400000,1715126400000,0.021,0.02327,0.02099,0.02239,924524940.0
1715148000000,1715148000000,0.02239,0.02285,0.02061,0.02182,774300710.0
1715169600000,1715169600000,0.02182,0.02244,0.02093,0.02149,485190260.0
1715191200000,1715191200000,0.02149,0.02166,0.02028,0.02128,213077670.0
1715212800000,1715212800000,0.02128,0.02232,0.02096,0.0213,243615310.0
1715234400000,1715234400000,0.0213,0.02338,0.0213,0.02223,323443490.0
1715256000000,1715256000000,0.02223,0.02302,0.02134,0.02269,210746160.0
1715277600000,1715277600000,0.02269,0.0229,0.02201,0.02229,66813060.0
1715299200000,1715299200000,0.02229,0.02278,0.02203,0.02237,77346420.0
1715320800000,1715320800000,0.02237,0.02314,0.02225,0.02229,93913710.0
1715342400000,1715342400000,0.02229,0.02259,0.02091,0.022,233995070.0
1715364000000,1715364000000,0.022,0.02264,0.02166,0.02188,114948670.0
1715385600000,1715385600000,0.02188,0.02237,0.02154,0.02184,69823240.0
1715407200000,1715407200000,0.02184,0.02332,0.02181,0.0224,220360950.0
1715428800000,1715428800000,0.0224,0.02539,0.02221,0.02382,461451450.0
1715450400000,1715450400000,0.02382,0.02446,0.02351,0.02401,115854460.0
1715472000000,1715472000000,0.02401,0.02401,0.02304,0.02371,135156940.0
1715493600000,1715493600000,0.02371,0.02424,0.02309,0.0235,103247730.0
1715515200000,1715515200000,0.0235,0.02354,0.02267,0.02303,105127170.0
1715536800000,1715536800000,0.02303,0.02354,0.02302,0.02337,54178250.0
1715558400000,1715558400000,0.02337,0.02397,0.02228,0.02247,145986440.0
1715580000000,1715580000000,0.02247,0.02339,0.02247,0.02294,103220780.0
1715601600000,1715601600000,0.02294,0.02341,0.02196,0.02204,88584480.0
1715623200000,1715623200000,0.02204,0.02238,0.02163,0.02221,35573830.0
1715644800000,1715644800000,0.02221,0.02251,0.02191,0.02229,26969450.0
1715666400000,1715666400000,0.02229,0.0223,0.02145,0.02161,48050550.0
1715688000000,1715688000000,0.02161,0.02186,0.02101,0.02109,50249870.0
1715709600000,1715709600000,0.02109,0.02145,0.02077,0.02096,22778660.0
1715731200000,1715731200000,0.02096,0.02124,0.02082,0.02109,22792320.0
1715752800000,1715752800000,0.02109,0.0217,0.02083,0.02099,78935370.0
1715774400000,1715774400000,0.02099,0.02197,0.02088,0.02179,77607650.0
1715796000000,1715796000000,0.02179,0.02243,0.02179,0.02232,26926760.0
1715817600000,1715817600000,0.02232,0.02266,0.02205,0.02238,21626390.0
1715839200000,1715839200000,0.02238,0.02251,0.0221,0.0222,27194190.0
1715860800000,1715860800000,0.0222,0.0222,0.02088,0.02161,60738950.0
1715882400000,1715882400000,0.02161,0.02211,0.0216,0.02199,13296000.0
1715904000000,1715904000000,0.02199,0.02205,0.02159,0.02169,10286230.0
1715925600000,1715925600000,0.02169,0.0222,0.02155,0.02195,20016460.0
1715947200000,1715947200000,0.02195,0.02284,0.02178,0.0225,47804840.0
1715968800000,1715968800000,0.0225,0.02252,0.02219,0.02223,18225690.0
1715990400000,1715990400000,0.02223,0.0226,0.02219,0.02238,18409100.0
1716012000000,1716012000000,0.02238,0.02323,0.02236,0.02269,48642240.0
1716033600000,1716033600000,0.02269,0.02269,0.02188,0.02231,45023170.0
1716055200000,1716055200000,0.02231,0.02245,0.02208,0.02229,11806940.0
1716076800000,1716076800000,0.02229,0.02238,0.0221,0.02215,13133130.0
1716098400000,1716098400000,0.02215,0.0222,0.02159,0.02183,18015050.0
1716120000000,1716120000000,0.02183,0.02183,0.02118,0.02134,27893020.0
1716141600000,1716141600000,0.02134,0.02139,0.02098,0.02112,13473120.0
1716163200000,1716163200000,0.02112,0.02165,0.02079,0.02154,18155440.0
1716184800000,1716184800000,0.02154,0.02159,0.02101,0.02129,14942950.0
1716206400000,1716206400000,0.02129,0.02193,0.0211,0.02178,33658100.0
1716228000000,1716228000000,0.02178,0.02291,0.02169,0.02281,53103400.0
1716249600000,1716249600000,0.02281,0.02315,0.02231,0.02279,31502180.0
1716271200000,1716271200000,0.02279,0.0231,0.02258,0.02292,25095680.0
1716292800000,1716292800000,0.02292,0.02322,0.02273,0.02299,39664830.0
1716314400000,1716314400000,0.02299,0.02314,0.02235,0.02287,32604670.0
1716336000000,1716336000000,0.02287,0.02313,0.02223,0.0226,18553160.0
1716357600000,1716357600000,0.0226,0.02467,0.02256,0.02432,145258150.0
1716379200000,1716379200000,0.02432,0.02531,0.02357,0.02391,268771290.0
1716400800000,1716400800000,0.02391,0.02394,0.02325,0.02357,30601690.0
1716422400000,1716422400000,0.02357,0.02392,0.02326,0.02375,23346940.0
1716444000000,1716444000000,0.02375,0.02375,0.02296,0.02335,33075060.0
1716465600000,1716465600000,0.02335,0.02347,0.02196,0.02217,119706180.0
1716487200000,1716487200000,0.02217,0.02266,0.02094,0.0225,97169250.0
1716508800000,1716508800000,0.0225,0.02301,0.02244,0.02256,19997280.0
1716530400000,1716530400000,0.02256,0.02268,0.02191,0.02242,22782530.0
1716552000000,1716552000000,0.02242,0.02277,0.02215,0.02241,27446840.0
1716573600000,1716573600000,0.02241,0.02275,0.02237,0.02256,14700430.0
1716595200000,1716595200000,0.02256,0.02315,0.02253,0.02284,21707710.0
1716616800000,1716616800000,0.02284,0.02325,0.02266,0.02292,25744150.0
1716638400000,1716638400000,0.02292,0.02304,0.0225,0.02277,30847540.0
1716660000000,1716660000000,0.02277,0.02289,0.02237,0.02267,21875230.0
1716681600000,1716681600000,0.02267,0.02277,0.02218,0.02234,23335710.0
1716703200000,1716703200000,0.02234,0.02255,0.02203,0.02228,29498150.0
1716724800000,1716724800000,0.02228,0.02251,0.02198,0.0222,33248910.0
1716746400000,1716746400000,0.0222,0.02239,0.02199,0.02222,12834690.0
1716768000000,1716768000000,0.02222,0.02279,0.0222,0.02239,40816090.0
1716789600000,1716789600000,0.02239,0.02257,0.02214,0.0224,25649430.0
1716811200000,1716811200000,0.0224,0.02301,0.0224,0.02285,37223600.0
1716832800000,1716832800000,0.02285,0.02295,0.0224,0.02271,27685540.0
1716854400000,1716854400000,0.02271,0.02275,0.02173,0.0221,84924700.0
1716876000000,1716876000000,0.0221,0.02265,0.02201,0.02244,21358570.0
1716897600000,1716897600000,0.02244,0.02266,0.02221,0.02241,41612500.0
1716919200000,1716919200000,0.02241,0.02289,0.02236,0.02253,23822130.0
1716940800000,1716940800000,0.02253,0.02343,0.02253,0.0233,37174770.0
1716962400000,1716962400000,0.0233,0.02397,0.02268,0.02338,74839960.0
1716984000000,1716984000000,0.02338,0.02352,0.02264,0.02294,73441940.0
1717005600000,1717005600000,0.02294,0.02294,0.02222,0.02241,40361030.0
1717027200000,1717027200000,0.02241,0.0228,0.02227,0.0226,8485810.0
1717048800000,1717048800000,0.0226,0.0226,0.02145,0.02202,69088260.0
1717070400000,1717070400000,0.02202,0.02754,0.022,0.02409,407208700.0
1717092000000,1717092000000,0.02409,0.02489,0.02343,0.02391,99475870.0
1717113600000,1717113600000,0.02391,0.02533,0.02329,0.02471,114002210.0
1717135200000,1717135200000,0.02471,0.02484,0.02388,0.02432,98789980.0
1717156800000,1717156800000,0.02432,0.02521,0.02364,0.02376,166573560.0
1717178400000,1717178400000,0.02376,0.02454,0.02363,0.02439,42303030.0
1717200000000,1717200000000,0.02439,0.02453,0.02389,0.02394,21742470.0
1717221600000,1717221600000,0.02394,0.02403,0.02362,0.02377,33705420.0
1717243200000,1717243200000,0.02377,0.02441,0.02353,0.0242,45521980.0
1717264800000,1717264800000,0.0242,0.02474,0.02408,0.02416,43670620.0
1717286400000,1717286400000,0.02416,0.02439,0.02376,0.02378,24945810.0
1717308000000,1717308000000,0.02378,0.02384,0.02319,0.02357,36413250.0
1717329600000,1717329600000,0.02357,0.02382,0.02278,0.02293,34722540.0
1717351200000,1717351200000,0.02293,0.02312,0.02256,0.02299,24556770.0
1717372800000,1717372800000,0.02299,0.02345,0.02286,0.02318,27813750.0
1717394400000,1717394400000,0.02318,0.02349,0.0231,0.02324,22868690.0
1717416000000,1717416000000,0.02324,0.02353,0.02274,0.02328,53997850.0
1717437600000,1717437600000,0.02328,0.02339,0.02305,0.02319,14212200.0
1717459200000,1717459200000,0.02319,0.02344,0.02299,0.02304,14251390.0
1717480800000,1717480800000,0.02304,0.02319,0.02278,0.02305,18901220.0
1717502400000,1717502400000,0.02305,0.02428,0.02291,0.02375,49979860.0
1717524000000,1717524000000,0.02375,0.02382,0.02334,0.02366,21963940.0
1717545600000,1717545600000,0.02366,0.02375,0.02342,0.02369,13915160.0
1717567200000,1717567200000,0.02369,0.02381,0.02349,0.02367,20874540.0
1717588800000,1717588800000,0.02367,0.02394,0.02346,0.02373,22221090.0
1717610400000,1717610400000,0.02373,0.02387,0.02359,0.02376,9954540.0
1717632000000,1717632000000,0.02376,0.02419,0.0237,0.02379,22664550.0
1717653600000,1717653600000,0.02379,0.02415,0.02361,0.02406,16876730.0
1717675200000,1717675200000,0.02406,0.02434,0.02388,0.02421,17371380.0
1717696800000,1717696800000,0.02421,0.02603,0.02383,0.02537,144623760.0
1717718400000,1717718400000,0.02537,0.02703,0.02513,0.02635,220793010.0
1717740000000,1717740000000,0.02635,0.02643,0.02464,0.02486,82569690.0
1717761600000,1717761600000,0.02486,0.02519,0.02414,0.02418,64891760.0
1717783200000,1717783200000,0.02418,0.02422,0.01974,0.02224,276420050.0
1717804800000,1717804800000,0.02224,0.02251,0.02192,0.02215,32493650.0
1717826400000,1717826400000,0.02215,0.0226,0.02139,0.02151,36216650.0
1717848000000,1717848000000,0.02151,0.02169,0.02103,0.02141,55279090.0
1717869600000,1717869600000,0.02141,0.02162,0.02099,0.02127,20605050.0
1717891200000,1717891200000,0.02127,0.02149,0.02105,0.02135,19432670.0
1717912800000,1717912800000,0.02135,0.02153,0.02124,0.02133,22176340.0
1717934400000,1717934400000,0.02133,0.02252,0.02126,0.02222,51937790.0
1717956000000,1717956000000,0.02222,0.02226,0.02192,0.02209,12185450.0
1717977600000,1717977600000,0.02209,0.0221,0.02143,0.02151,25271460.0
1717999200000,1717999200000,0.02151,0.02178,0.02088,0.02166,39989660.0
1718020800000,1718020800000,0.02166,0.02187,0.0212,0.02165,24476210.0
1718042400000,1718042400000,0.02165,0.02186,0.02117,0.0214,19391490.0
1718064000000,1718064000000,0.0214,0.02156,0.02041,0.02109,69458510.0
1718085600000,1718085600000,0.02109,0.02129,0.02081,0.02102,23471560.0
1718107200000,1718107200000,0.02102,0.02109,0.01976,0.02019,92983590.0
1718128800000,1718128800000,0.02019,0.02083,0.02018,0.02058,19106780.0
1718150400000,1718150400000,0.02058,0.02065,0.01991,0.02047,18252240.0
1718172000000,1718172000000,0.02047,0.02071,0.02039,0.02054,21264580.0
1718193600000,1718193600000,0.02054,0.02193,0.0205,0.02171,94802860.0
1718215200000,1718215200000,0.02171,0.02171,0.02072,0.02121,58001350.0
1718236800000,1718236800000,0.02121,0.02122,0.01982,0.02037,72569180.0
1718258400000,1718258400000,0.02037,0.02038,0.01987,0.01994,27139890.0
1718280000000,1718280000000,0.01994,0.02027,0.01898,0.01966,66856200.0
1718301600000,1718301600000,0.01966,0.01967,0.01904,0.01923,24499800.0
1718323200000,1718323200000,0.01923,0.01937,0.01881,0.01929,28758050.0
1718344800000,1718344800000,0.01929,0.01951,0.0192,0.01941,20889840.0
1718366400000,1718366400000,0.01941,0.01956,0.0173,0.0181,151303560.0
1718388000000,1718388000000,0.0181,0.01859,0.01774,0.01854,38561680.0
1718409600000,1718409600000,0.01854,0.01872,0.01838,0.01856,14102880.0
1718431200000,1718431200000,0.01856,0.01882,0.01852,0.01877,16905970.0
1718452800000,1718452800000,0.01877,0.01898,0.01865,0.01872,16418990.0
1718474400000,1718474400000,0.01872,0.01881,0.01844,0.01872,16734310.0
1718496000000,1718496000000,0.01872,0.02069,0.01842,0.02039,400455060.0
1718517600000,1718517600000,0.02039,0.02089,0.01992,0.0206,267970570.0
1718539200000,1718539200000,0.0206,0.0219,0.02034,0.02161,405118040.0
1718560800000,1718560800000,0.02161,0.0218,0.02074,0.02159,224773300.0
1718582400000,1718582400000,0.02159,0.0233,0.02098,0.02108,763009530.0
1718604000000,1718604000000,0.02108,0.0211,0.01949,0.01957,296063150.0
1718625600000,1718625600000,0.01957,0.01957,0.01808,0.01889,212834990.0
1718647200000,1718647200000,0.01889,0.01924,0.01842,0.01848,81324330.0
1718668800000,1718668800000,0.01848,0.01852,0.01492,0.01713,480323770.0
1718690400000,1718690400000,0.01713,0.01899,0.01713,0.0179,231365410.0
1718712000000,1718712000000,0.0179,0.01958,0.01726,0.01928,365851190.0
1718733600000,1718733600000,0.01928,0.01978,0.01841,0.01939,258299590.0
1718755200000,1718755200000,0.01939,0.02033,0.01912,0.01923,188961050.0
1718776800000,1718776800000,0.01923,0.01935,0.01883,0.01908,87846780.0
1718798400000,1718798400000,0.01908,0.01924,0.01837,0.01902,77218760.0
1718820000000,1718820000000,0.01902,0.01924,0.01887,0.01917,28431680.0
1718841600000,1718841600000,0.01917,0.01935,0.0188,0.0192,58937130.0
1718863200000,1718863200000,0.0192,0.01973,0.01905,0.01938,62107940.0
1718884800000,1718884800000,0.01938,0.01946,0.0183,0.01887,70262530.0
1718906400000,1718906400000,0.01887,0.01914,0.01859,0.01866,32852500.0
1718928000000,1718928000000,0.01866,0.01903,0.01845,0.01883,26259900.0
1718949600000,1718949600000,0.01883,0.01885,0.01816,0.01867,41712190.0
1718971200000,1718971200000,0.01867,0.01892,0.01818,0.01824,44386710.0
1718992800000,1718992800000,0.01824,0.01869,0.01815,0.01849,23750820.0
1719014400000,1719014400000,0.01849,0.01853,0.01754,0.01765,62863750.0
1719036000000,1719036000000,0.01765,0.01772,0.01702,0.01755,107243740.0
1719057600000,1719057600000,0.01755,0.01817,0.01734,0.0177,61988300.0
1719079200000,1719079200000,0.0177,0.01782,0.01747,0.01753,18138350.0
1719100800000,1719100800000,0.01753,0.01782,0.01747,0.01771,19054680.0
1719122400000,1719122400000,0.01771,0.01784,0.0173,0.01751,18783650.0
1719144000000,1719144000000,0.01751,0.01758,0.0168,0.01706,35012970.0
1719165600000,1719165600000,0.01706,0.01732,0.01666,0.01695,44449680.0
1719187200000,1719187200000,0.01695,0.01736,0.01633,0.01651,42936310.0
1719208800000,1719208800000,0.01651,0.01708,0.01584,0.01686,82941310.0
1719230400000,1719230400000,0.01686,0.01811,0.01684,0.01752,210946810.0
1719252000000,1719252000000,0.01752,0.01787,0.01721,0.01771,69281200.0
1719273600000,1719273600000,0.01771,0.01802,0.01754,0.0178,44502200.0
1719295200000,1719295200000,0.0178,0.01787,0.01755,0.01777,41763160.0
1719316800000,1719316800000,0.01777,0.01814,0.01765,0.01785,39771150.0
1719338400000,1719338400000,0.01785,0.01808,0.0177,0.01786,20934450.0
1719360000000,1719360000000,0.01786,0.01807,0.01754,0.01765,23101730.0
1719381600000,1719381600000,0.01765,0.01813,0.01765,0.01786,29742230.0
1719403200000,1719403200000,0.01786,0.01822,0.01758,0.01781,45624970.0
1719424800000,1719424800000,0.01781,0.01815,0.01756,0.01801,40864290.0
1719446400000,1719446400000,0.01801,0.01833,0.01744,0.01752,47006520.0
1719468000000,1719468000000,0.01752,0.01812,0.01751,0.01802,30262060.0
1719489600000,1719489600000,0.01802,0.01846,0.01799,0.01828,62356560.0
1719511200000,1719511200000,0.01828,0.01841,0.01824,0.01835,11205640.0
1719532800000,1719532800000,0.01835,0.01844,0.01807,0.0182,19435270.0
1719554400000,1719554400000,0.0182,0.01837,0.01803,0.01827,20224880.0
1719576000000,1719576000000,0.01827,0.01835,0.01759,0.01773,38360920.0
1719597600000,1719597600000,0.01773,0.01795,0.01755,0.01764,17809890.0
1719619200000,1719619200000,0.01764,0.01807,0.01764,0.01786,13516520.0
1719640800000,1719640800000,0.01786,0.01806,0.01784,0.01791,16627250.0
1719662400000,1719662400000,0.01791,0.01799,0.01771,0.01779,11843570.0
1719684000000,1719684000000,0.01779,0.01781,0.01732,0.0175,14935270.0
1719705600000,1719705600000,0.0175,0.01762,0.01708,0.01716,19817830.0
1719727200000,1719727200000,0.01716,0.01778,0.01714,0.01765,16005110.0
1719748800000,1719748800000,0.01765,0.01787,0.01754,0.01783,16536330.0
1719770400000,1719770400000,0.01783,0.01812,0.01771,0.01805,14921660.0
1719792000000,1719792000000,0.01805,0.01837,0.01801,0.01823,19279510.0
1719813600000,1719813600000,0.01823,0.0183,0.01784,0.01792,19824980.0
1719835200000,1719835200000,0.01792,0.01815,0.01775,0.01814,26791590.0
1719856800000,1719856800000,0.01814,0.01821,0.01776,0.01781,23456110.0
1719878400000,1719878400000,0.01781,0.01795,0.01773,0.01795,16655820.0
1719900000000,1719900000000,0.01795,0.01812,0.01774,0.01809,28738890.0
1719921600000,1719921600000,0.01809,0.01828,0.01777,0.01788,38792950.0
1719943200000,1719943200000,0.01788,0.01812,0.01787,0.01805,14407450.0
1719964800000,1719964800000,0.01805,0.01814,0.01731,0.01767,36159800.0
1719986400000,1719986400000,0.01767,0.01771,0.01708,0.01739,65945510.0
1720008000000,1720008000000,0.01739,0.01744,0.01702,0.01717,28244720.0
1720029600000,1720029600000,0.01717,0.01717,0.01673,0.01712,20776050.0
1720051200000,1720051200000,0.01712,0.01714,0.01592,0.01641,112836520.0
1720072800000,1720072800000,0.01641,0.01643,0.01577,0.01595,53931560.0
1720094400000,1720094400000,0.01595,0.01596,0.01512,0.01571,62446010.0
1720116000000,1720116000000,0.01571,0.01576,0.01478,0.01488,48472730.0
1720137600000,1720137600000,0.01488,0.01493,0.01234,0.01374,412575360.0
1720159200000,1720159200000,0.01374,0.01435,0.01328,0.0143,44094260.0
1720180800000,1720180800000,0.0143,0.0145,0.01397,0.01432,53382800.0
1720202400000,1720202400000,0.01432,0.01439,0.01409,0.01427,12454360.0
1720224000000,1720224000000,0.01427,0.01483,0.01411,0.01433,18887070.0
1720245600000,1720245600000,0.01433,0.01478,0.01433,0.01469,15848180.0
1720267200000,1720267200000,0.01469,0.01575,0.01453,0.01562,37499640.0
1720288800000,1720288800000,0.01562,0.0158,0.0155,0.01559,17717600.0
1720310400000,1720310400000,0.01559,0.01559,0.01508,0.01529,13098530.0
1720332000000,1720332000000,0.01529,0.01545,0.01506,0.01537,19234200.0
1720353600000,1720353600000,0.01537,0.01672,0.01467,0.01573,239552900.0
1720375200000,1720375200000,0.01573,0.01609,0.01492,0.01498,79687320.0
1720396800000,1720396800000,0.01498,0.01541,0.01421,0.01528,82624070.0
1720418400000,1720418400000,0.01528,0.01593,0.01499,0.01585,46690790.0
1720440000000,1720440000000,0.01585,0.01594,0.01496,0.01541,76219240.0
1720461600000,1720461600000,0.01541,0.0156,0.01535,0.01547,15806550.0
1720483200000,1720483200000,0.01547,0.01573,0.01529,0.01568,38336170.0
1720504800000,1720504800000,0.01568,0.01573,0.01538,0.0155,26661650.0
1720526400000,1720526400000,0.0155,0.01598,0.01546,0.01573,44420470.0
1720548000000,1720548000000,0.01573,0.01591,0.01567,0.01585,15631610.0
1720569600000,1720569600000,0.01585,0.0161,0.01566,0.01599,28020210.0
1720591200000,1720591200000,0.01599,0.01654,0.01579,0.01626,74704520.0
1720612800000,1720612800000,0.01626,0.0165,0.01586,0.01595,81194340.0
1720634400000,1720634400000,0.01595,0.0161,0.01586,0.01605,14011340.0
1720656000000,1720656000000,0.01605,0.01615,0.01574,0.01604,19948360.0
1720677600000,1720677600000,0.01604,0.01621,0.01596,0.01616,11746330.0
1720699200000,1720699200000,0.01616,0.01639,0.01573,0.01599,37755680.0
1720720800000,1720720800000,0.01599,0.0161,0.01555,0.01564,16270840.0
1720742400000,1720742400000,0.01564,0.01678,0.01543,0.01607,146053390.0
1720764000000,1720764000000,0.01607,0.01622,0.01553,0.01563,57833770.0
1720785600000,1720785600000,0.01563,0.01606,0.01558,0.01595,22359320.0
1720807200000,1720807200000,0.01595,0.01611,0.01575,0.01605,15703230.0
1720828800000,1720828800000,0.01605,0.0164,0.016,0.01626,36416280.0
1720850400000,1720850400000,0.01626,0.01635,0.01612,0.01616,27385250.0
1720872000000,1720872000000,0.01616,0.01621,0.016,0.01616,18614530.0
1720893600000,1720893600000,0.01616,0.01697,0.01605,0.01652,71206460.0
1720915200000,1720915200000,0.01652,0.01668,0.01632,0.01656,23817820.0
1720936800000,1720936800000,0.01656,0.01662,0.01638,0.0164,14457800.0
1720958400000,1720958400000,0.0164,0.01641,0.01614,0.01627,20894560.0
1720980000000,1720980000000,0.01627,0.01668,0.01623,0.01659,40876020.0
1721001600000,1721001600000,0.01659,0.01692,0.01658,0.01679,30406400.0
1721023200000,1721023200000,0.01679,0.01715,0.01673,0.01682,42747760.0
1721044800000,1721044800000,0.01682,0.01776,0.0168,0.01732,99265290.0
1721066400000,1721066400000,0.01732,0.01773,0.01722,0.01766,38510500.0
1721088000000,1721088000000,0.01766,0.01788,0.01724,0.01735,41758190.0
1721109600000,1721109600000,0.01735,0.0175,0.01679,0.01737,41167720.0
1721131200000,1721131200000,0.01737,0.02056,0.01723,0.01949,276623250.0
1721152800000,1721152800000,0.01949,0.02249,0.01923,0.0215,739381630.0
1721174400000,1721174400000,0.0215,0.02271,0.02085,0.02152,459516730.0
1721196000000,1721196000000,0.02152,0.0216,0.02073,0.02142,232241400.0
1721217600000,1721217600000,0.02142,0.02203,0.02014,0.02046,291309220.0
1721239200000,1721239200000,0.02046,0.0206,0.0201,0.02028,61841870.0
1721260800000,1721260800000,0.02028,0.02138,0.02026,0.02068,92540030.0
1721282400000,1721282400000,0.02068,0.02134,0.02016,0.0203,83573690.0
1721304000000,1721304000000,0.0203,0.02048,0.01918,0.01942,96034170.0
1721325600000,1721325600000,0.01942,0.01992,0.01918,0.01984,29171950.0
1721347200000,1721347200000,0.01984,0.01999,0.01923,0.01958,42052540.0
1721368800000,1721368800000,0.01958,0.02129,0.01904,0.02061,238278200.0
1721390400000,1721390400000,0.02061,0.02103,0.02005,0.02069,144573980.0
1721412000000,1721412000000,0.02069,0.02076,0.02033,0.02042,53832740.0
1721433600000,1721433600000,0.02042,0.0206,0.02005,0.02055,32991270.0
1721455200000,1721455200000,0.02055,0.02171,0.02045,0.02057,132364940.0
1721476800000,1721476800000,0.02057,0.02097,0.0203,0.02063,46522540.0
1721498400000,1721498400000,0.02063,0.02082,0.02027,0.02046,31640170.0
1721520000000,1721520000000,0.02046,0.02065,0.02014,0.02027,20580340.0
1721541600000,1721541600000,0.02027,0.02053,0.01979,0.02013,43490790.0
1721563200000,1721563200000,0.02013,0.02045,0.01976,0.0199,41726570.0
1721584800000,1721584800000,0.0199,0.02045,0.01907,0.02043,73129910.0
1721606400000,1721606400000,0.02043,0.02049,0.01985,0.02002,17262500.0
1721628000000,1721628000000,0.02002,0.02037,0.01967,0.02033,27247630.0
1721649600000,1721649600000,0.02033,0.02155,0.01994,0.02058,150504400.0
1721671200000,1721671200000,0.02058,0.02081,0.01964,0.01985,74159900.0
1721692800000,1721692800000,0.01985,0.02031,0.01911,0.01924,63147070.0
1721714400000,1721714400000,0.01924,0.01978,0.01912,0.01959,50320070.0
1721736000000,1721736000000,0.01959,0.01961,0.01862,0.01895,79966490.0
1721757600000,1721757600000,0.01895,0.01943,0.01892,0.01936,46053490.0
1721779200000,1721779200000,0.01936,0.02076,0.01914,0.02008,130933350.0
1721800800000,1721800800000,0.02008,0.02087,0.01994,0.02012,218986050.0
1721822400000,1721822400000,0.02012,0.02066,0.01994,0.02004,110443340.0
1721844000000,1721844000000,0.02004,0.02011,0.01937,0.01964,97714900.0
1721865600000,1721865600000,0.01964,0.01977,0.01836,0.01891,138508340.0
1721887200000,1721887200000,0.01891,0.01929,0.01865,0.01892,57292510.0
1721908800000,1721908800000,0.01892,0.01919,0.01841,0.01892,60722100.0
1721930400000,1721930400000,0.01892,0.01896,0.01788,0.01855,58296700.0
1721952000000,1721952000000,0.01855,0.01925,0.01844,0.01925,34764830.0
1721973600000,1721973600000,0.01925,0.01937,0.01906,0.01921,27631570.0
1721995200000,1721995200000,0.01921,0.01949,0.01913,0.01932,33034370.0
1722016800000,1722016800000,0.01932,0.02017,0.01928,0.02013,83027940.0
1722038400000,1722038400000,0.02013,0.02029,0.01969,0.01984,28309860.0
1722060000000,1722060000000,0.01984,0.02008,0.0198,0.0199,29445520.0
1722081600000,1722081600000,0.0199,0.02021,0.01962,0.01985,47057870.0
1722103200000,1722103200000,0.01985,0.0202,0.01931,0.01976,70479640.0
1722124800000,1722124800000,0.01976,0.01984,0.01922,0.01939,29392710.0
1722146400000,1722146400000,0.01939,0.01972,0.01934,0.01966,20739880.0
1722168000000,1722168000000,0.01966,0.02082,0.01944,0.01985,190835140.0
1722189600000,1722189600000,0.01985,0.02002,0.01942,0.01953,32288090.0
1722211200000,1722211200000,0.01953,0.0201,0.01953,0.02007,44683370.0
1722232800000,1722232800000,0.02007,0.02036,0.01995,0.02006,38567210.0
1722254400000,1722254400000,0.02006,0.02015,0.01955,0.01971,71491810.0
1722276000000,1722276000000,0.01971,0.01985,0.01951,0.01966,26649140.0
1722297600000,1722297600000,0.01966,0.01987,0.01933,0.01959,45294710.0
1722319200000,1722319200000,0.01959,0.01982,0.01951,0.01959,31954490.0
1722340800000,1722340800000,0.01959,0.01968,0.01879,0.01891,62014140.0
1722362400000,1722362400000,0.01891,0.01895,0.01844,0.01891,63361130.0
1722384000000,1722384000000,0.01891,0.01907,0.01863,0.01892,24754040.0
1722405600000,1722405600000,0.01892,0.01906,0.01879,0.01894,31525930.0
1722427200000,1722427200000,0.01894,0.01907,0.01868,0.01881,52072000.0
1722448800000,1722448800000,0.01881,0.01898,0.01817,0.01833,56177830.0
1722470400000,1722470400000,0.01833,0.0185,0.01752,0.01795,73360210.0
1722492000000,1722492000000,0.01795,0.01816,0.01775,0.01808,29399550.0
1722513600000,1722513600000,0.01808,0.01824,0.01671,0.01698,104160950.0
1722535200000,1722535200000,0.01698,0.01794,0.01641,0.01794,73175020.0
1722556800000,1722556800000,0.01794,0.01813,0.01729,0.0173,51277530.0
1722578400000,1722578400000,0.0173,0.01762,0.01703,0.01749,50712560.0
1722600000000,1722600000000,0.01749,0.01783,0.01645,0.0169,97387470.0
1722621600000,1722621600000,0.0169,0.01694,0.01627,0.01652,67902810.0
1722643200000,1722643200000,0.01652,0.01677,0.01586,0.01675,54771040.0
1722664800000,1722664800000,0.01675,0.01683,0.01638,0.01647,27786240.0
1722686400000,1722686400000,0.01647,0.01672,0.01534,0.01543,77133810.0
1722708000000,1722708000000,0.01543,0.01573,0.01516,0.01563,70428750.0
1722729600000,1722729600000,0.01563,0.016,0.01557,0.01595,24150780.0
1722751200000,1722751200000,0.01595,0.01595,0.01561,0.01581,24509460.0
1722772800000,1722772800000,0.01581,0.01593,0.0142,0.01462,157320850.0
1722794400000,1722794400000,0.01462,0.01539,0.0144,0.0148,82670540.0
1722816000000,1722816000000,0.0148,0.01496,0.01228,0.0127,643690720.0
1722837600000,1722837600000,0.0127,0.01306,0.01159,0.01255,448098030.0
1722859200000,1722859200000,0.01255,0.01409,0.0121,0.01378,299687550.0
1722880800000,1722880800000,0.01378,0.01381,0.01323,0.01343,74137720.0
1722902400000,1722902400000,0.01343,0.01468,0.0134,0.01466,75104020.0
1722924000000,1722924000000,0.01466,0.01469,0.01412,0.01426,62733170.0
1722945600000,1722945600000,0.01426,0.01473,0.01398,0.01444,70284300.0
1722967200000,1722967200000,0.01444,0.01476,0.01444,0.01454,34184400.0
1722988800000,1722988800000,0.01454,0.01497,0.01432,0.0148,52995290.0
1723010400000,1723010400000,0.0148,0.01536,0.01475,0.0148,71054730.0
1723032000000,1723032000000,0.0148,0.01506,0.01426,0.0145,74022480.0
1723053600000,1723053600000,0.0145,0.01455,0.01403,0.01435,61146940.0
1723075200000,1723075200000,0.01435,0.01503,0.01404,0.01488,65850670.0
1723096800000,1723096800000,0.01488,0.01493,0.01475,0.0148,27417870.0
1723118400000,1723118400000,0.0148,0.0154,0.01473,0.0152,100190350.0
1723140000000,1723140000000,0.0152,0.01584,0.01519,0.01572,69084280.0
1723161600000,1723161600000,0.01572,0.01577,0.01537,0.01547,47317020.0
1723183200000,1723183200000,0.01547,0.01563,0.01532,0.01553,42494290.0
1723204800000,1723204800000,0.01553,0.01557,0.01506,0.01526,43795990.0
1723226400000,1723226400000,0.01526,0.01549,0.01519,0.01545,36099590.0
1723248000000,1723248000000,0.01545,0.01562,0.01521,0.01534,23489340.0
1723269600000,1723269600000,0.01534,0.01576,0.01531,0.01565,23243350.0
1723291200000,1723291200000,0.01565,0.01809,0.0154,0.0176,548179900.0
1723312800000,1723312800000,0.0176,0.01786,0.01698,0.01762,417251140.0
1723334400000,1723334400000,0.01762,0.01786,0.01706,0.01727,143430650.0
1723356000000,1723356000000,0.01727,0.01744,0.01673,0.01684,110029400.0
1723377600000,1723377600000,0.01684,0.01692,0.01609,0.01615,85806490.0
1723399200000,1723399200000,0.01615,0.0162,0.01529,0.01562,57059760.0
1723420800000,1723420800000,0.01562,0.016,0.01553,0.01597,42732680.0
1723442400000,1723442400000,0.01597,0.01625,0.01551,0.01621,54127920.0
1723464000000,1723464000000,0.01621,0.01654,0.01556,0.01629,115439850.0
1723485600000,1723485600000,0.01629,0.01643,0.01582,0.01633,38236590.0
1723507200000,1723507200000,0.01633,0.01657,0.01585,0.0161,37537970.0
1723528800000,1723528800000,0.0161,0.01616,0.01586,0.01592,25273010.0
1723550400000,1723550400000,0.01592,0.01631,0.01588,0.01626,38886260.0
1723572000000,1723572000000,0.01626,0.01643,0.01612,0.01623,35126760.0
1723593600000,1723593600000,0.01623,0.01634,0.01604,0.01621,18608340.0
1723615200000,1723615200000,0.01621,0.01624,0.01606,0.01614,20222930.0
1723636800000,1723636800000,0.01614,0.01631,0.01552,0.01584,55837980.0
1723658400000,1723658400000,0.01584,0.01651,0.01579,0.01605,124269470.0
1723680000000,1723680000000,0.01605,0.01621,0.01583,0.01587,31067090.0
1723701600000,1723701600000,0.01587,0.01595,0.01571,0.01584,31942140.0
1723723200000,1723723200000,0.01584,0.01608,0.01541,0.01541,46806050.0
1723744800000,1723744800000,0.01541,0.01541,0.01483,0.01525,76073720.0
1723766400000,1723766400000,0.01525,0.01536,0.01507,0.01534,17950740.0
1723788000000,1723788000000,0.01534,0.01549,0.01512,0.01519,22651280.0
1723809600000,1723809600000,0.01519,0.01527,0.01459,0.01504,52789820.0
1723831200000,1723831200000,0.01504,0.01528,0.01502,0.01518,19490350.0
1723852800000,1723852800000,0.01518,0.01539,0.01503,0.01533,18846510.0
1723874400000,1723874400000,0.01533,0.01536,0.01515,0.0152,19022220.0
1723896000000,1723896000000,0.0152,0.01571,0.01519,0.01563,29506380.0
1723917600000,1723917600000,0.01563,0.01567,0.01551,0.01564,17647980.0
1723939200000,1723939200000,0.01564,0.01573,0.0154,0.01544,15138930.0
1723960800000,1723960800000,0.01544,0.01577,0.01543,0.01576,15103350.0
1723982400000,1723982400000,0.01576,0.0168,0.01574,0.01594,112021370.0
1724004000000,1724004000000,0.01594,0.01603,0.01559,0.01564,29561620.0
1724025600000,1724025600000,0.01564,0.01581,0.01546,0.01563,26072950.0
1724047200000,1724047200000,0.01563,0.01623,0.01558,0.01602,71768400.0
1724068800000,1724068800000,0.01602,0.0164,0.01591,0.01631,74482840.0
1724090400000,1724090400000,0.01631,0.01639,0.01608,0.01636,20754980.0
1724112000000,1724112000000,0.01636,0.01661,0.01629,0.01653,22637090.0
1724133600000,1724133600000,0.01653,0.01655,0.01621,0.01647,26267230.0
1724155200000,1724155200000,0.01647,0.01675,0.01605,0.01631,72891250.0
1724176800000,1724176800000,0.01631,0.01648,0.0162,0.01625,18004270.0
1724198400000,1724198400000,0.01625,0.01716,0.01611,0.01668,83987410.0
1724220000000,1724220000000,0.01668,0.01687,0.01626,0.01651,34047760.0
1724241600000,1724241600000,0.01651,0.01695,0.01625,0.01668,64176610.0
1724263200000,1724263200000,0.01668,0.01702,0.01663,0.01676,48533460.0
1724284800000,1724284800000,0.01676,0.01691,0.01656,0.01678,14502220.0
1724306400000,1724306400000,0.01678,0.01728,0.01663,0.01702,48277030.0
1724328000000,1724328000000,0.01702,0.01758,0.01681,0.0171,65704120.0
1724349600000,1724349600000,0.0171,0.01729,0.0171,0.01724,21215390.0
1724371200000,1724371200000,0.01724,0.0174,0.01713,0.01736,27640920.0
1724392800000,1724392800000,0.01736,0.01769,0.01715,0.01716,29348640.0
1724414400000,1724414400000,0.01716,0.01808,0.01716,0.018,53948160.0
1724436000000,1724436000000,0.018,0.01832,0.01795,0.01808,28250870.0
1724457600000,1724457600000,0.01808,0.01857,0.01808,0.01843,31880490.0
1724479200000,1724479200000,0.01843,0.01892,0.01838,0.01864,33921180.0
1724500800000,1724500800000,0.01864,0.01906,0.01848,0.0188,54693630.0
1724522400000,1724522400000,0.0188,0.01884,0.01789,0.01825,51658680.0
1724544000000,1724544000000,0.01825,0.01966,0.01765,0.01914,142476500.0
1724565600000,1724565600000,0.01914,0.01988,0.01839,0.01907,202558580.0
1724587200000,1724587200000,0.01907,0.01941,0.01872,0.01878,92346640.0
1724608800000,1724608800000,0.01878,0.02159,0.01856,0.02044,662556360.0
1724630400000,1724630400000,0.02044,0.02056,0.01959,0.01978,249491290.0
1724652000000,1724652000000,0.01978,0.01992,0.01918,0.0192,138878820.0
1724673600000,1724673600000,0.0192,0.0192,0.01806,0.01811,154451280.0
1724695200000,1724695200000,0.01811,0.01843,0.01794,0.01829,64594350.0
1724716800000,1724716800000,0.01829,0.01886,0.01828,0.0188,46810920.0
1724738400000,1724738400000,0.0188,0.01881,0.01726,0.01739,171875480.0
1724760000000,1724760000000,0.01739,0.01752,0.01706,0.0174,74459300.0
1724781600000,1724781600000,0.0174,0.01762,0.01615,0.01668,113638680.0
1724803200000,1724803200000,0.01668,0.01679,0.01649,0.01652,31669960.0
1724824800000,1724824800000,0.01652,0.01716,0.01622,0.017,56500320.0
1724846400000,1724846400000,0.017,0.01732,0.01597,0.01622,79551410.0
1724868000000,1724868000000,0.01622,0.01671,0.01615,0.01647,52678690.0
1724889600000,1724889600000,0.01647,0.01674,0.01642,0.01668,22477430.0
1724911200000,1724911200000,0.01668,0.01695,0.01662,0.01679,29417570.0
1724932800000,1724932800000,0.01679,0.01729,0.01675,0.01699,35264020.0
1724954400000,1724954400000,0.01699,0.01699,0.01617,0.01657,48879770.0
1724976000000,1724976000000,0.01657,0.01668,0.01622,0.01633,22049240.0
1724997600000,1724997600000,0.01633,0.01664,0.01633,0.01641,27960850.0
1725019200000,1725019200000,0.01641,0.0166,0.01549,0.01594,72862740.0
1725040800000,1725040800000,0.01594,0.01638,0.01593,0.01631,30386040.0
1725062400000,1725062400000,0.01631,0.01642,0.01619,0.01619,16305450.0
1725084000000,1725084000000,0.01619,0.01625,0.01593,0.01616,23540910.0
1725105600000,1725105600000,0.01616,0.01617,0.0158,0.01591,24825760.0
1725127200000,1725127200000,0.01591,0.01602,0.01582,0.01593,14776890.0
1725148800000,1725148800000,0.01593,0.01597,0.01551,0.0156,27561810.0
1725170400000,1725170400000,0.0156,0.01584,0.0156,0.01581,14398200.0
1725192000000,1725192000000,0.01581,0.01582,0.0153,0.0154,45038620.0
1725213600000,1725213600000,0.0154,0.01574,0.01485,0.01496,61429230.0
1725235200000,1725235200000,0.01496,0.01527,0.01496,0.01517,20736820.0
1725256800000,1725256800000,0.01517,0.01576,0.01493,0.01565,45393670.0
1725278400000,1725278400000,0.01565,0.01601,0.01553,0.0159,38673220.0
1725300000000,1725300000000,0.0159,0.01614,0.01578,0.01602,29000730.0
1725321600000,1725321600000,0.01602,0.01628,0.01594,0.01608,20010820.0
1725343200000,1725343200000,0.01608,0.0161,0.01587,0.01607,20410540.0
1725364800000,1725364800000,0.01607,0.01623,0.01547,0.01609,76936990.0
1725386400000,1725386400000,0.01609,0.01642,0.01537,0.01541,101373300.0
1725408000000,1725408000000,0.01541,0.01562,0.01453,0.0152,119812330.0
1725429600000,1725429600000,0.0152,0.01558,0.0152,0.01531,31026380.0
1725451200000,1725451200000,0.01531,0.01609,0.01516,0.01579,44988990.0
1725472800000,1725472800000,0.01579,0.0159,0.01569,0.01577,9549580.0
1725494400000,1725494400000,0.01577,0.01589,0.01543,0.01565,26288050.0
1725516000000,1725516000000,0.01565,0.01581,0.01546,0.01559,21330350.0
1725537600000,1725537600000,0.01559,0.01598,0.01541,0.01565,34770950.0
1725559200000,1725559200000,0.01565,0.01569,0.01528,0.01552,21286460.0
1725580800000,1725580800000,0.01552,0.01583,0.0154,0.01557,21484770.0
1725602400000,1725602400000,0.01557,0.01558,0.01516,0.01548,25097440.0
1725624000000,1725624000000,0.01548,0.01587,0.01505,0.01522,65699660.0
1725645600000,1725645600000,0.01522,0.01522,0.01433,0.01517,57652890.0
1725667200000,1725667200000,0.01517,0.01541,0.01503,0.01525,29717600.0
1725688800000,1725688800000,0.01525,0.01545,0.01525,0.01537,17759730.0
1725710400000,1725710400000,0.01537,0.01561,0.01524,0.01532,26005410.0
1725732000000,1725732000000,0.01532,0.01549,0.01517,0.01529,16752110.0
1725753600000,1725753600000,0.01529,0.01562,0.01524,0.01547,43595700.0
1725775200000,1725775200000,0.01547,0.0158,0.01545,0.01562,17572660.0
1725796800000,1725796800000,0.01562,0.01569,0.01528,0.01559,21752130.0
1725818400000,1725818400000,0.01559,0.01588,0.01544,0.01573,22199580.0
1725840000000,1725840000000,0.01573,0.01586,0.01559,0.01563,27361740.0
1725861600000,1725861600000,0.01563,0.01599,0.01562,0.01591,21279570.0
1725883200000,1725883200000,0.01591,0.01653,0.01567,0.01628,73082950.0
1725904800000,1725904800000,0.01628,0.01657,0.01624,0.01626,24123540.0
1725926400000,1725926400000,0.01626,0.01717,0.01608,0.01696,78288920.0
1725948000000,1725948000000,0.01696,0.01707,0.01656,0.01673,64106070.0
1725969600000,1725969600000,0.01673,0.01739,0.01659,0.01722,130493060.0
1725991200000,1725991200000,0.01722,0.01726,0.01688,0.01693,29276150.0
1726012800000,1726012800000,0.01693,0.01717,0.01625,0.01639,38567730.0
1726034400000,1726034400000,0.01639,0.01707,0.01636,0.01647,67796110.0
1726056000000,1726056000000,0.01647,0.01693,0.01621,0.01679,71716080.0
1726077600000,1726077600000,0.01679,0.0169,0.01664,0.01666,30182270.0
1726099200000,1726099200000,0.01666,0.01684,0.01652,0.01668,40472140.0
1726120800000,1726120800000,0.01668,0.01708,0.01668,0.01692,37264420.0
1726142400000,1726142400000,0.01692,0.01702,0.01665,0.01695,50596570.0
1726164000000,1726164000000,0.01695,0.01718,0.01684,0.01711,29065830.0
1726185600000,1726185600000,0.01711,0.0177,0.01695,0.01721,72547140.0
1726207200000,1726207200000,0.01721,0.01728,0.0168,0.01682,68470700.0
1726228800000,1726228800000,0.01682,0.01721,0.01665,0.0171,69679540.0
1726250400000,1726250400000,0.0171,0.01736,0.01708,0.01717,31180180.0
1726272000000,1726272000000,0.01717,0.01732,0.01709,0.01709,16228970.0
1726293600000,1726293600000,0.01709,0.01748,0.01704,0.01727,60027060.0
1726315200000,1726315200000,0.01727,0.01914,0.01717,0.01827,287355240.0
1726336800000,1726336800000,0.01827,0.01902,0.01795,0.01859,154920270.0
1726358400000,1726358400000,0.01859,0.01865,0.01792,0.01823,62769930.0
1726380000000,1726380000000,0.01823,0.01865,0.01793,0.01798,88390920.0
1726401600000,1726401600000,0.01798,0.01802,0.01753,0.01763,74194720.0
1726423200000,1726423200000,0.01763,0.01774,0.01688,0.01702,68851680.0
1726444800000,1726444800000,0.01702,0.01702,0.01648,0.01687,66118550.0
1726466400000,1726466400000,0.01687,0.01704,0.01648,0.01664,36155140.0
1726488000000,1726488000000,0.01664,0.0167,0.01614,0.01633,60117150.0
1726509600000,1726509600000,0.01633,0.01638,0.01613,0.01631,30368060.0
1726531200000,1726531200000,0.01631,0.01667,0.0162,0.01667,23080690.0
1726552800000,1726552800000,0.01667,0.01671,0.01649,0.01661,19252140.0
1726574400000,1726574400000,0.01661,0.0171,0.01646,0.01684,49524960.0
1726596000000,1726596000000,0.01684,0.01688,0.01655,0.01675,22874350.0
1726617600000,1726617600000,0.01675,0.01708,0.01655,0.01681,22807570.0
1726639200000,1726639200000,0.01681,0.01697,0.01626,0.01644,26189230.0
1726660800000,1726660800000,0.01644,0.01654,0.01596,0.01625,38999280.0
1726682400000,1726682400000,0.01625,0.01729,0.01622,0.01729,63438950.0
1726704000000,1726704000000,0.01729,0.01772,0.01728,0.0175,53664140.0
1726725600000,1726725600000,0.0175,0.01791,0.01739,0.0177,48123770.0
1726747200000,1726747200000,0.0177,0.01832,0.01763,0.01827,94478640.0
1726768800000,1726768800000,0.01827,0.01855,0.01752,0.0176,93396360.0
1726790400000,1726790400000,0.0176,0.01815,0.01723,0.01801,44673610.0
1726812000000,1726812000000,0.01801,0.01819,0.01765,0.01777,49183000.0
1726833600000,1726833600000,0.01777,0.01788,0.01736,0.01741,42080580.0
1726855200000,1726855200000,0.01741,0.01792,0.01723,0.01792,35340370.0
1726876800000,1726876800000,0.01792,0.01795,0.0174,0.01758,23110560.0
1726898400000,1726898400000,0.01758,0.01784,0.01754,0.01782,24748310.0
1726920000000,1726920000000,0.01782,0.0181,0.0176,0.018,43587490.0
1726941600000,1726941600000,0.018,0.01819,0.01781,0.01811,20536610.0
1726963200000,1726963200000,0.01811,0.01821,0.01765,0.01771,32866810.0
1726984800000,1726984800000,0.01771,0.01783,0.01731,0.0175,44716300.0
1727006400000,1727006400000,0.0175,0.01773,0.01723,0.01765,38421550.0
1727028000000,1727028000000,0.01765,0.01765,0.0169,0.01756,32086890.0
1727049600000,1727049600000,0.01756,0.01805,0.0172,0.0176,81481100.0
1727071200000,1727071200000,0.0176,0.0179,0.0175,0.01774,42909840.0
1727092800000,1727092800000,0.01774,0.01794,0.01757,0.01771,37867210.0
1727114400000,1727114400000,0.01771,0.01785,0.01752,0.01776,22003560.0
1727136000000,1727136000000,0.01776,0.01795,0.01758,0.01784,32404730.0
1727157600000,1727157600000,0.01784,0.01833,0.01784,0.01822,52608640.0
1727179200000,1727179200000,0.01822,0.01834,0.01779,0.01823,69996950.0
1727200800000,1727200800000,0.01823,0.01843,0.01814,0.01829,34890260.0
1727222400000,1727222400000,0.01829,0.01873,0.01816,0.0187,61970310.0
1727244000000,1727244000000,0.0187,0.0187,0.01808,0.01834,54362940.0
1727265600000,1727265600000,0.01834,0.0188,0.01813,0.01815,131213000.0
1727287200000,1727287200000,0.01815,0.01837,0.01778,0.01786,36964940.0
1727308800000,1727308800000,0.01786,0.01813,0.0175,0.01811,69006550.0
1727330400000,1727330400000,0.01811,0.0185,0.01808,0.01838,62308820.0
1727352000000,1727352000000,0.01838,0.01886,0.01811,0.01844,65371820.0
1727373600000,1727373600000,0.01844,0.01856,0.01819,0.01841,24648390.0
1727395200000,1727395200000,0.01841,0.019,0.01829,0.019,35750780.0
1727416800000,1727416800000,0.019,0.01914,0.01855,0.01869,52594400.0
1727438400000,1727438400000,0.01869,0.01967,0.01861,0.0192,114052520.0
1727460000000,1727460000000,0.0192,0.01922,0.01891,0.01912,21064180.0
1727481600000,1727481600000,0.01912,0.01958,0.01904,0.01909,50874420.0
1727503200000,1727503200000,0.01909,0.01913,0.01823,0.01887,50952100.0
1727524800000,1727524800000,0.01887,0.01968,0.01849,0.01884,107590490.0
1727546400000,1727546400000,0.01884,0.01885,0.01837,0.0187,32182070.0
1727568000000,1727568000000,0.0187,0.01895,0.01856,0.01868,23948510.0
1727589600000,1727589600000,0.01868,0.02126,0.01851,0.02123,505800460.0
1727611200000,1727611200000,0.02123,0.02774,0.02106,0.02445,3513957130.0
1727632800000,1727632800000,0.02445,0.02461,0.02304,0.02381,894589920.0
1727654400000,1727654400000,0.02381,0.02382,0.02238,0.02254,908936760.0
1727676000000,1727676000000,0.02254,0.02299,0.02176,0.02202,881580410.0
1727697600000,1727697600000,0.02202,0.02253,0.02113,0.0214,411655710.0
1727719200000,1727719200000,0.0214,0.02149,0.0205,0.02069,319134850.0
1727740800000,1727740800000,0.02069,0.02195,0.02045,0.02139,310784130.0
1727762400000,1727762400000,0.02139,0.02545,0.02112,0.02492,1331373220.0
1727784000000,1727784000000,0.02492,0.02549,0.02097,0.02193,1838200390.0
1727805600000,1727805600000,0.02193,0.02285,0.02101,0.02249,616950680.0
1727827200000,1727827200000,0.02249,0.02443,0.0222,0.02407,765100030.0
1727848800000,1727848800000,0.02407,0.02451,0.02181,0.02312,672943340.0
1727870400000,1727870400000,0.02312,0.02358,0.02172,0.02172,525040150.0
1727892000000,1727892000000,0.02172,0.02227,0.02106,0.02211,275451370.0
1727913600000,1727913600000,0.02211,0.02243,0.02155,0.02207,199675850.0
1727935200000,1727935200000,0.02207,0.02273,0.02051,0.02109,309883570.0
1727956800000,1727956800000,0.02109,0.02141,0.01985,0.02088,323852530.0
1727978400000,1727978400000,0.02088,0.02128,0.02053,0.0208,111157370.0
1728000000000,1728000000000,0.0208,0.02222,0.01987,0.0218,492937560.0
1728021600000,1728021600000,0.0218,0.02391,0.02159,0.02174,910507700.0
1728043200000,1728043200000,0.02174,0.02245,0.02148,0.02191,274904820.0
1728064800000,1728064800000,0.02191,0.02221,0.02164,0.02202,120244050.0
1728086400000,1728086400000,0.02202,0.02319,0.02144,0.02195,242513460.0
1728108000000,1728108000000,0.02195,0.02255,0.02171,0.02216,133591960.0
1728129600000,1728129600000,0.02216,0.02379,0.02211,0.02334,563921140.0
1728151200000,1728151200000,0.02334,0.02452,0.02253,0.02302,511124880.0
1728172800000,1728172800000,0.02302,0.02396,0.02266,0.02382,314719710.0
1728194400000,1728194400000,0.02382,0.02465,0.02354,0.02365,560963960.0
1728216000000,1728216000000,0.02365,0.02375,0.0229,0.02292,286593990.0
1728237600000,1728237600000,0.02292,0.02346,0.02278,0.02328,116923700.0
1728259200000,1728259200000,0.02328,0.02397,0.02309,0.02388,230869390.0
1728280800000,1728280800000,0.02388,0.02438,0.02339,0.02404,322660720.0
1728302400000,1728302400000,0.02404,0.02406,0.02271,0.02284,321800090.0
1728324000000,1728324000000,0.02284,0.02499,0.02207,0.02343,800194070.0
1728345600000,1728345600000,0.02343,0.02376,0.02232,0.02249,392057090.0
1728367200000,1728367200000,0.02249,0.02258,0.02204,0.02231,165129330.0
1728388800000,1728388800000,0.02231,0.0224,0.02111,0.02136,372339860.0
1728410400000,1728410400000,0.02136,0.02148,0.02095,0.02139,101638930.0
1728432000000,1728432000000,0.02139,0.02161,0.02105,0.02147,82820950.0
1728453600000,1728453600000,0.02147,0.02156,0.02115,0.0215,83494060.0
1728475200000,1728475200000,0.0215,0.0215,0.02072,0.02086,129016250.0
1728496800000,1728496800000,0.02086,0.02087,0.0202,0.02075,121996180.0
1728518400000,1728518400000,0.02075,0.02109,0.02061,0.02081,65997590.0
1728540000000,1728540000000,0.02081,0.0209,0.02017,0.02054,95987330.0
1728561600000,1728561600000,0.02054,0.02062,0.01976,0.01985,111857670.0
1728583200000,1728583200000,0.01985,0.02051,0.01979,0.02051,73990030.0
1728604800000,1728604800000,0.02051,0.02101,0.02048,0.02062,61920880.0
1728626400000,1728626400000,0.02062,0.02115,0.02062,0.02101,52692160.0
1728648000000,1728648000000,0.02101,0.02147,0.02094,0.02123,82691380.0
1728669600000,1728669600000,0.02123,0.02151,0.02112,0.02121,40606940.0
1728691200000,1728691200000,0.02121,0.02155,0.02106,0.02122,40844040.0
1728712800000,1728712800000,0.02122,0.02214,0.02119,0.02162,113319350.0
1728734400000,1728734400000,0.02162,0.02169,0.02124,0.02138,72046820.0
1728756000000,1728756000000,0.02138,0.02157,0.02124,0.02132,28918050.0
1728777600000,1728777600000,0.02132,0.02179,0.02118,0.02156,55926490.0
1728799200000,1728799200000,0.02156,0.0218,0.02101,0.02112,46491630.0
1728820800000,1728820800000,0.02112,0.02141,0.02041,0.02055,97524000.0
1728842400000,1728842400000,0.02055,0.02099,0.0202,0.0208,61142350.0
1728864000000,1728864000000,0.0208,0.02157,0.02053,0.02116,49506740.0
1728885600000,1728885600000,0.02116,0.02156,0.02108,0.02143,52845570.0
1728907200000,1728907200000,0.02143,0.02231,0.02127,0.0221,136692670.0
1728928800000,1728928800000,0.0221,0.02218,0.0216,0.02193,74178000.0
1728950400000,1728950400000,0.02193,0.02236,0.02144,0.02161,98016580.0
1728972000000,1728972000000,0.02161,0.0225,0.02095,0.0212,161948420.0
1728993600000,1728993600000,0.0212,0.02213,0.02071,0.02141,179921580.0
1729015200000,1729015200000,0.02141,0.02155,0.0208,0.02142,36680170.0
1729036800000,1729036800000,0.02142,0.02148,0.02083,0.02126,32931460.0
1729058400000,1729058400000,0.02126,0.02133,0.02085,0.02116,65403870.0
1729080000000,1729080000000,0.02116,0.02307,0.02066,0.02205,582805500.0
1729101600000,1729101600000,0.02205,0.02241,0.02148,0.02207,200196710.0
1729123200000,1729123200000,0.02207,0.02236,0.02129,0.02158,133617500.0
1729144800000,1729144800000,0.02158,0.02159,0.02089,0.0211,94195540.0
1729166400000,1729166400000,0.0211,0.02182,0.02096,0.02103,142229770.0
1729188000000,1729188000000,0.02103,0.02125,0.02067,0.02104,71476170.0
1729209600000,1729209600000,0.02104,0.02141,0.02076,0.02137,60151540.0
1729231200000,1729231200000,0.02137,0.02149,0.02116,0.02116,41995400.0
1729252800000,1729252800000,0.02116,0.022,0.02093,0.02165,100668120.0
1729274400000,1729274400000,0.02165,0.02182,0.02132,0.02153,41171360.0
1729296000000,1729296000000,0.02153,0.0218,0.02151,0.02153,38400780.0
1729317600000,1729317600000,0.02153,0.02221,0.02142,0.02158,151490430.0
1729339200000,1729339200000,0.02158,0.02236,0.02157,0.02171,144169600.0
1729360800000,1729360800000,0.02171,0.02196,0.0217,0.02174,29911100.0
1729382400000,1729382400000,0.02174,0.02189,0.02132,0.02171,59660290.0
1729404000000,1729404000000,0.02171,0.02183,0.02156,0.02172,26428290.0
1729425600000,1729425600000,0.02172,0.02237,0.02151,0.02197,88425200.0
1729447200000,1729447200000,0.02197,0.0222,0.02186,0.02213,51267120.0
1729468800000,1729468800000,0.02213,0.02265,0.02201,0.0224,61698460.0
1729490400000,1729490400000,0.0224,0.02272,0.02182,0.02186,52942960.0
1729512000000,1729512000000,0.02186,0.02523,0.02131,0.02325,863926570.0
1729533600000,1729533600000,0.02325,0.02349,0.02274,0.02298,179457860.0
1729555200000,1729555200000,0.02298,0.02499,0.02267,0.02445,380876200.0
1729576800000,1729576800000,0.02445,0.02475,0.02282,0.02307,295627350.0
1729598400000,1729598400000,0.02307,0.02366,0.02245,0.02297,208901170.0
1729620000000,1729620000000,0.02297,0.02367,0.02287,0.02354,67013810.0
1729641600000,1729641600000,0.02354,0.02358,0.02284,0.02322,64085070.0
1729663200000,1729663200000,0.02322,0.02341,0.02216,0.02222,83191490.0
1729684800000,1729684800000,0.02222,0.02256,0.02166,0.02175,82004020.0
1729706400000,1729706400000,0.02175,0.02205,0.02129,0.022,67475510.0
1729728000000,1729728000000,0.022,0.02234,0.02184,0.02224,38108190.0
1729749600000,1729749600000,0.02224,0.02233,0.02157,0.02186,31683220.0
1729771200000,1729771200000,0.02186,0.0224,0.02178,0.02207,56200490.0
1729792800000,1729792800000,0.02207,0.02241,0.02205,0.02217,31139220.0
1729814400000,1729814400000,0.02217,0.02241,0.02184,0.0221,37519240.0
1729836000000,1729836000000,0.0221,0.02241,0.02173,0.02236,47532850.0
1729857600000,1729857600000,0.02236,0.02273,0.0218,0.02208,125576480.0
1729879200000,1729879200000,0.02208,0.02219,0.01893,0.02016,374886900.0
1729900800000,1729900800000,0.02016,0.02093,0.01991,0.02078,87793830.0
1729922400000,1729922400000,0.02078,0.02082,0.02045,0.02063,26736930.0
1729944000000,1729944000000,0.02063,0.02085,0.01999,0.02051,51912670.0
1729965600000,1729965600000,0.02051,0.02094,0.02038,0.02085,38632590.0
1729987200000,1729987200000,0.02085,0.02099,0.02052,0.02074,46217920.0
1730008800000,1730008800000,0.02074,0.02242,0.0205,0.02225,166015000.0
1730030400000,1730030400000,0.02225,0.02264,0.02148,0.02169,249008490.0
1730052000000,1730052000000,0.02169,0.02176,0.02139,0.02157,80438790.0
1730073600000,1730073600000,0.02157,0.02177,0.02092,0.02127,65416840.0
1730095200000,1730095200000,0.02127,0.02179,0.02122,0.02165,43896460.0
1730116800000,1730116800000,0.02165,0.0217,0.02082,0.02118,68945000.0
1730138400000,1730138400000,0.02118,0.02192,0.02106,0.02171,44448540.0
1730160000000,1730160000000,0.02171,0.02222,0.02165,0.02203,84730390.0
1730181600000,1730181600000,0.02203,0.02229,0.02196,0.02211,24444590.0
1730203200000,1730203200000,0.02211,0.0228,0.02198,0.02261,65486290.0
1730224800000,1730224800000,0.02261,0.02272,0.02211,0.02251,49534310.0
1730246400000,1730246400000,0.02251,0.0238,0.02236,0.0233,170213560.0
1730268000000,1730268000000,0.0233,0.02341,0.02245,0.0225,94989090.0
1730289600000,1730289600000,0.0225,0.02304,0.02239,0.02277,58599900.0
1730311200000,1730311200000,0.02277,0.024,0.02277,0.02337,82404580.0
1730332800000,1730332800000,0.02337,0.02837,0.02336,0.02558,1200243790.0
1730354400000,1730354400000,0.02558,0.02685,0.02456,0.02486,700324980.0
1730376000000,1730376000000,0.02486,0.02533,0.02364,0.02375,507088540.0
1730397600000,1730397600000,0.02375,0.02417,0.02328,0.02375,570122110.0
1730419200000,1730419200000,0.02375,0.02378,0.02256,0.02279,192598610.0
1730440800000,1730440800000,0.02279,0.02282,0.02192,0.02219,341721960.0
1730462400000,1730462400000,0.02219,0.02309,0.02213,0.02227,160277160.0
1730484000000,1730484000000,0.02227,0.0225,0.02179,0.02227,83398960.0
1730505600000,1730505600000,0.02227,0.02263,0.02206,0.02228,78971330.0
1730527200000,1730527200000,0.02228,0.02252,0.0219,0.02213,66661210.0
1730548800000,1730548800000,0.02213,0.02222,0.02117,0.02151,121984310.0
1730570400000,1730570400000,0.02151,0.02163,0.02112,0.02151,48258810.0
1730592000000,1730592000000,0.02151,0.02165,0.01999,0.02059,127529260.0
1730613600000,1730613600000,0.02059,0.02088,0.02013,0.02018,70317610.0
1730635200000,1730635200000,0.02018,0.02037,0.01915,0.01985,178282620.0
1730656800000,1730656800000,0.01985,0.02026,0.01939,0.0201,84172750.0
1730678400000,1730678400000,0.0201,0.02042,0.01967,0.01984,85233910.0
1730700000000,1730700000000,0.01984,0.02061,0.01984,0.02049,89134530.0
1730721600000,1730721600000,0.02049,0.02119,0.01997,0.02007,127956370.0
1730743200000,1730743200000,0.02007,0.02033,0.01935,0.01991,83599940.0
1730764800000,1730764800000,0.01991,0.02044,0.01976,0.02043,66812220.0
1730786400000,1730786400000,0.02043,0.02063,0.02023,0.02049,33161540.0
1730808000000,1730808000000,0.02049,0.02129,0.02035,0.02105,91098390.0
1730829600000,1730829600000,0.02105,0.02114,0.02052,0.02095,41870430.0
1730851200000,1730851200000,0.02095,0.02217,0.02095,0.02195,85497630.0
1730872800000,1730872800000,0.02195,0.02227,0.02139,0.02217,72378380.0
1730894400000,1730894400000,0.02217,0.02346,0.02185,0.02257,106192100.0
1730916000000,1730916000000,0.02257,0.02314,0.02248,0.02299,32226540.0
1730937600000,1730937600000,0.02299,0.02357,0.02282,0.02305,41791610.0
1730959200000,1730959200000,0.02305,0.02308,0.02235,0.02274,37620980.0
1730980800000,1730980800000,0.02274,0.02381,0.0227,0.02316,133635510.0
1731002400000,1731002400000,0.02316,0.02347,0.02286,0.02304,46523300.0
1731024000000,1731024000000,0.02304,0.02328,0.0225,0.02287,31063880.0
1731045600000,1731045600000,0.02287,0.02288,0.02237,0.02266,27882650.0
1731067200000,1731067200000,0.02266,0.02291,0.02195,0.02231,50165250.0
1731088800000,1731088800000,0.02231,0.0226,0.02218,0.02256,29018630.0
1731110400000,1731110400000,0.02256,0.02301,0.02232,0.02299,33070870.0
1731132000000,1731132000000,0.02299,0.02373,0.02297,0.02369,66718350.0
1731153600000,1731153600000,0.02369,0.02621,0.02302,0.02356,524702780.0
1731175200000,1731175200000,0.02356,0.02433,0.02342,0.02416,83991930.0
1731196800000,1731196800000,0.02416,0.02493,0.02376,0.02469,84326930.0
1731218400000,1731218400000,0.02469,0.02591,0.02448,0.0255,167122870.0
1731240000000,1731240000000,0.0255,0.02617,0.02474,0.02534,186994410.0
1731261600000,1731261600000,0.02534,0.02566,0.02317,0.02474,137193450.0
1731283200000,1731283200000,0.02474,0.02631,0.0243,0.02467,155298030.0
1731304800000,1731304800000,0.02467,0.02608,0.02406,0.02489,249408780.0
1731326400000,1731326400000,0.02489,0.02515,0.02401,0.02509,113109300.0
1731348000000,1731348000000,0.02509,0.02566,0.0246,0.02557,102115440.0
1731369600000,1731369600000,0.02557,0.02559,0.02445,0.02507,100364280.0
1731391200000,1731391200000,0.02507,0.02617,0.02245,0.02362,277921440.0
1731412800000,1731412800000,0.02362,0.02386,0.02242,0.02283,135030900.0
1731434400000,1731434400000,0.02283,0.02393,0.02277,0.0235,64702940.0
1731456000000,1731456000000,0.0235,0.02384,0.02106,0.02151,104785570.0
1731477600000,1731477600000,0.02151,0.02205,0.02115,0.02182,65627260.0
1731499200000,1731499200000,0.02182,0.02321,0.02151,0.0232,155331270.0
1731520800000,1731520800000,0.0232,0.02394,0.02137,0.02241,163236460.0
1731542400000,1731542400000,0.02241,0.0234,0.02184,0.02308,68036470.0
1731564000000,1731564000000,0.02308,0.02344,0.02209,0.02263,47101130.0
1731585600000,1731585600000,0.02263,0.02275,0.02145,0.02209,70741860.0
1731607200000,1731607200000,0.02209,0.02274,0.02123,0.02162,54008910.0
1731628800000,1731628800000,0.02162,0.02191,0.02085,0.02159,51493490.0
1731650400000,1731650400000,0.02159,0.02216,0.02124,0.02214,30248930.0
1731672000000,1731672000000,0.02214,0.02254,0.0216,0.02203,73155560.0
1731693600000,1731693600000,0.02203,0.02309,0.02193,0.02258,30202170.0
1731715200000,1731715200000,0.02258,0.02303,0.02246,0.02292,18951170.0
1731736800000,1731736800000,0.02292,0.02738,0.02253,0.02516,388739780.0
1731758400000,1731758400000,0.02516,0.02649,0.02432,0.02475,446659050.0
1731780000000,1731780000000,0.02475,0.02505,0.02438,0.02472,64036620.0
1731801600000,1731801600000,0.02472,0.02481,0.02271,0.02357,92504110.0
1731823200000,1731823200000,0.02357,0.02474,0.02325,0.02328,60612000.0
1731844800000,1731844800000,0.02328,0.02359,0.0229,0.02318,40490040.0
1731866400000,1731866400000,0.02318,0.02318,0.02233,0.02279,28804700.0
1731888000000,1731888000000,0.02279,0.02376,0.0225,0.02337,31565130.0
1731909600000,1731909600000,0.02337,0.02404,0.02309,0.02323,34479730.0
1731931200000,1731931200000,0.02323,0.02386,0.0229,0.02378,42698940.0
1731952800000,1731952800000,0.02378,0.02392,0.02298,0.0237,41652620.0
1731974400000,1731974400000,0.0237,0.02397,0.02319,0.02355,20502850.0
1731996000000,1731996000000,0.02355,0.02406,0.02292,0.02322,62442010.0
1732017600000,1732017600000,0.02322,0.02357,0.02286,0.02313,30825590.0
1732039200000,1732039200000,0.02313,0.0234,0.02231,0.02309,45901840.0
1732060800000,1732060800000,0.02309,0.02343,0.0219,0.02272,105799850.0
1732082400000,1732082400000,0.02272,0.02298,0.02244,0.02287,29204640.0
1732104000000,1732104000000,0.02287,0.02324,0.02194,0.02194,75880500.0
1732125600000,1732125600000,0.02194,0.02226,0.02148,0.02192,43689350.0
1732147200000,1732147200000,0.02192,0.02239,0.02103,0.0222,49583030.0
1732168800000,1732168800000,0.0222,0.02249,0.02174,0.02218,22365030.0
1732190400000,1732190400000,0.02218,0.02574,0.02217,0.02341,310539120.0
1732212000000,1732212000000,0.02341,0.02415,0.02325,0.02361,60324120.0
1732233600000,1732233600000,0.02361,0.02474,0.02331,0.02473,154065750.0
1732255200000,1732255200000,0.02473,0.02495,0.02305,0.02341,104274330.0
1732276800000,1732276800000,0.02341,0.02381,0.02278,0.02332,74285420.0
1732298400000,1732298400000,0.02332,0.02406,0.02298,0.02402,34417450.0
1732320000000,1732320000000,0.02402,0.02476,0.02399,0.02458,156707680.0
1732341600000,1732341600000,0.02458,0.02486,0.02427,0.02457,46278460.0
1732363200000,1732363200000,0.02457,0.0262,0.02377,0.02466,138943060.0
1732384800000,1732384800000,0.02466,0.02564,0.024,0.02505,65166040.0
1732406400000,1732406400000,0.02505,0.02599,0.02478,0.02582,45521840.0
1732428000000,1732428000000,0.02582,0.02596,0.02415,0.02423,77890940.0
1732449600000,1732449600000,0.02423,0.02453,0.02305,0.02386,95038420.0
1732471200000,1732471200000,0.02386,0.02519,0.02384,0.02516,26977270.0
1732492800000,1732492800000,0.02516,0.02635,0.02455,0.02537,66615620.0
1732514400000,1732514400000,0.02537,0.02563,0.02474,0.02518,28423920.0
1732536000000,1732536000000,0.02518,0.02533,0.02378,0.02466,53716730.0
1732557600000,1732557600000,0.02466,0.02526,0.0236,0.02398,51616940.0
1732579200000,1732579200000,0.02398,0.02491,0.02376,0.02463,24265420.0
1732600800000,1732600800000,0.02463,0.02473,0.02236,0.02288,68259770.0
1732622400000,1732622400000,0.02288,0.0235,0.02254,0.02326,38178610.0
1732644000000,1732644000000,0.02326,0.02371,0.02244,0.02365,33270500.0
1732665600000,1732665600000,0.02365,0.02421,0.02327,0.0238,22174780.0
1732687200000,1732687200000,0.0238,0.02428,0.02371,0.02412,19569050.0
1732708800000,1732708800000,0.02412,0.02444,0.02371,0.02434,26338830.0
1732730400000,1732730400000,0.02434,0.02514,0.02422,0.02498,26332050.0
1732752000000,1732752000000,0.02498,0.02573,0.02451,0.0252,50386740.0
1732773600000,1732773600000,0.0252,0.02569,0.02446,0.02485,43867530.0
1732795200000,1732795200000,0.02485,0.02553,0.02451,0.0249,46186210.0
1732816800000,1732816800000,0.0249,0.02622,0.0249,0.02542,71286070.0
1732838400000,1732838400000,0.02542,0.02544,0.02478,0.02481,35894810.0
1732860000000,1732860000000,0.02481,0.02514,0.02451,0.02502,31068450.0
1732881600000,1732881600000,0.02502,0.0255,0.02479,0.02545,40202260.0
1732903200000,1732903200000,0.02545,0.02583,0.02521,0.02562,43492570.0
1732924800000,1732924800000,0.02562,0.02605,0.02537,0.02575,61120360.0
1732946400000,1732946400000,0.02575,0.02603,0.02515,0.02556,51115630.0
1732968000000,1732968000000,0.02556,0.02807,0.02556,0.02704,217221640.0
1732989600000,1732989600000,0.02704,0.02793,0.02669,0.02692,124170710.0
1733011200000,1733011200000,0.02692,0.02708,0.02572,0.02664,61926000.0
1733032800000,1733032800000,0.02664,0.02687,0.02622,0.02664,41937590.0
1733054400000,1733054400000,0.02664,0.02705,0.02623,0.02643,74400000.0
1733076000000,1733076000000,0.02643,0.0265,0.02564,0.02616,28388020.0
1733097600000,1733097600000,0.02616,0.02678,0.02518,0.02587,76805350.0
1733119200000,1733119200000,0.02587,0.02595,0.02416,0.02464,90554340.0
1733140800000,1733140800000,0.02464,0.02574,0.02451,0.02469,61165010.0
1733162400000,1733162400000,0.02469,0.0271,0.02468,0.02658,104212200.0
1733184000000,1733184000000,0.02658,0.02785,0.02655,0.02718,61334770.0
1733205600000,1733205600000,0.02718,0.02869,0.02639,0.02811,113509220.0
1733227200000,1733227200000,0.02811,0.02923,0.02657,0.02857,357098040.0
1733248800000,1733248800000,0.02857,0.02902,0.02758,0.02874,121583350.0
1733270400000,1733270400000,0.02874,0.02969,0.02778,0.02821,73399540.0
1733292000000,1733292000000,0.02821,0.032,0.02782,0.03147,159986320.0
1733313600000,1733313600000,0.03147,0.03159,0.02833,0.02899,138367680.0
1733335200000,1733335200000,0.02899,0.02993,0.02851,0.02888,65758190.0
1733356800000,1733356800000,0.02888,0.02907,0.02714,0.02855,70755150.0
1733378400000,1733378400000,0.02855,0.02881,0.02825,0.02877,34070280.0
1733400000000,1733400000000,0.02877,0.03125,0.02854,0.0301,179951350.0
1733421600000,1733421600000,0.0301,0.03087,0.02793,0.0291,100943670.0
1733443200000,1733443200000,0.0291,0.03051,0.02878,0.02965,74715370.0
1733464800000,1733464800000,0.02965,0.03007,0.02848,0.02884,35978730.0
1733486400000,1733486400000,0.02884,0.02934,0.02792,0.02915,74583020.0
1733508000000,1733508000000,0.02915,0.03191,0.02915,0.03115,76173830.0
1733529600000,1733529600000,0.03115,0.03142,0.03003,0.03014,40898940.0
1733551200000,1733551200000,0.03014,0.03033,0.02946,0.02982,46359590.0
1733572800000,1733572800000,0.02982,0.03055,0.02941,0.0295,36485110.0
1733594400000,1733594400000,0.0295,0.03001,0.02913,0.02939,31925710.0
1733616000000,1733616000000,0.02939,0.03043,0.02924,0.02938,39764010.0
1733637600000,1733637600000,0.02938,0.02978,0.0287,0.02955,25649040.0
1733659200000,1733659200000,0.02955,0.02989,0.02913,0.02943,26107840.0
1733680800000,1733680800000,0.02943,0.02972,0.02895,0.02962,15468700.0
1733702400000,1733702400000,0.02962,0.02963,0.0279,0.02851,35025310.0
1733724000000,1733724000000,0.02851,0.02853,0.0267,0.02685,47182400.0
1733745600000,1733745600000,0.02685,0.0282,0.02657,0.02701,50827150.0
1733767200000,1733767200000,0.02701,0.02724,0.01994,0.02342,306001850.0
1733788800000,1733788800000,0.02342,0.02401,0.02197,0.02334,87042420.0
1733810400000,1733810400000,0.02334,0.02381,0.02296,0.02319,44906990.0
1733832000000,1733832000000,0.02319,0.02323,0.02067,0.02069,124355820.0
1733853600000,1733853600000,0.02069,0.02251,0.02055,0.02227,51894820.0
1733875200000,1733875200000,0.02227,0.02275,0.02132,0.02235,58658220.0
1733896800000,1733896800000,0.02235,0.02362,0.02226,0.02341,53045910.0
1733918400000,1733918400000,0.02341,0.02441,0.02341,0.02381,58945260.0
1733940000000,1733940000000,0.02381,0.02444,0.02378,0.0243,13450300.0
1733961600000,1733961600000,0.0243,0.02523,0.02389,0.02497,43168690.0
1733983200000,1733983200000,0.02497,0.02539,0.02429,0.02453,32228910.0
1734004800000,1734004800000,0.02453,0.0256,0.02452,0.02555,48742040.0
1734026400000,1734026400000,0.02555,0.02563,0.02419,0.02482,35706300.0
1734048000000,1734048000000,0.02482,0.02518,0.02427,0.02456,20343640.0
1734069600000,1734069600000,0.02456,0.02479,0.02387,0.02439,26327130.0
1734091200000,1734091200000,0.02439,0.0249,0.02415,0.02442,40686510.0
1734112800000,1734112800000,0.02442,0.02471,0.02417,0.02454,20588610.0
1734134400000,1734134400000,0.02454,0.02496,0.02431,0.02454,11239340.0
1734156000000,1734156000000,0.02454,0.02474,0.02406,0.02422,22015710.0
1734177600000,1734177600000,0.02422,0.02431,0.02313,0.02316,37270510.0
1734199200000,1734199200000,0.02316,0.02338,0.0228,0.02322,23365540.0
1734220800000,1734220800000,0.02322,0.02361,0.02302,0.0233,14616580.0
1734242400000,1734242400000,0.0233,0.02394,0.02257,0.02344,40443990.0
1734264000000,1734264000000,0.02344,0.02403,0.02325,0.02369,34766820.0
1734285600000,1734285600000,0.02369,0.02412,0.02296,0.02407,30708290.0
1734307200000,1734307200000,0.02407,0.02453,0.02338,0.02361,28625480.0
1734328800000,1734328800000,0.02361,0.02367,0.02249,0.02256,26988360.0
1734350400000,1734350400000,0.02256,0.02437,0.02249,0.02382,66262820.0
1734372000000,1734372000000,0.02382,0.02396,0.02333,0.02336,35330390.0
1734393600000,1734393600000,0.02336,0.02351,0.02286,0.02316,32662250.0
1734415200000,1734415200000,0.02316,0.02336,0.0227,0.02317,40230830.0
1734436800000,1734436800000,0.02317,0.02342,0.0221,0.023,62045090.0
1734458400000,1734458400000,0.023,0.02301,0.02168,0.02203,33620340.0
1734480000000,1734480000000,0.02203,0.02211,0.02119,0.0215,50566150.0
1734501600000,1734501600000,0.0215,0.02185,0.02127,0.02169,22627050.0
1734523200000,1734523200000,0.02169,0.02172,0.02114,0.02155,29869890.0
1734544800000,1734544800000,0.02155,0.02189,0.01908,0.01989,187847990.0
1734566400000,1734566400000,0.01989,0.02024,0.01865,0.02009,90279130.0
1734588000000,1734588000000,0.02009,0.02042,0.01973,0.02032,58039230.0
1734609600000,1734609600000,0.02032,0.02037,0.01839,0.0189,63398810.0
1734631200000,1734631200000,0.0189,0.01926,0.01781,0.01874,85720750.0
1734652800000,1734652800000,0.01874,0.01951,0.01849,0.01871,27621730.0
1734674400000,1734674400000,0.01871,0.019,0.0163,0.01638,128366130.0
1734696000000,1734696000000,0.01638,0.01877,0.01635,0.01873,60047850.0
1734717600000,1734717600000,0.01873,0.01937,0.01861,0.01916,24080460.0
1734739200000,1734739200000,0.01916,0.01988,0.0191,0.01987,24312870.0
1734760800000,1734760800000,0.01987,0.02014,0.01923,0.0196,30386840.0
1734782400000,1734782400000,0.0196,0.01961,0.01815,0.01836,42852470.0
1734804000000,1734804000000,0.01836,0.01848,0.01781,0.0181,25245880.0
1734825600000,1734825600000,0.0181,0.01841,0.01775,0.01805,30244610.0
1734847200000,1734847200000,0.01805,0.01878,0.01797,0.01856,25335170.0
1734868800000,1734868800000,0.01856,0.01884,0.01804,0.01831,26777460.0
1734890400000,1734890400000,0.01831,0.01849,0.01764,0.01808,29974780.0
1734912000000,1734912000000,0.01808,0.01888,0.01775,0.01843,25326240.0
1734933600000,1734933600000,0.01843,0.01877,0.01804,0.01854,38412870.0
1734955200000,1734955200000,0.01854,0.01925,0.01835,0.0189,51373170.0
1734976800000,1734976800000,0.0189,0.01986,0.01863,0.01963,38197880.0
1734998400000,1734998400000,0.01963,0.01964,0.01907,0.01963,16391690.0
1735020000000,1735020000000,0.01963,0.01964,0.01904,0.01929,18120530.0
1735041600000,1735041600000,0.01929,0.01999,0.01916,0.01987,33364560.0
1735063200000,1735063200000,0.01987,0.0201,0.01956,0.01992,17001590.0
1735084800000,1735084800000,0.01992,0.01999,0.01965,0.01981,13949060.0
1735106400000,1735106400000,0.01981,0.02001,0.01947,0.01951,15508060.0
1735128000000,1735128000000,0.01951,0.0198,0.01933,0.01971,18041530.0
1735149600000,1735149600000,0.01971,0.01985,0.01924,0.0195,18159870.0
1735171200000,1735171200000,0.0195,0.01967,0.01879,0.01886,27179570.0
1735192800000,1735192800000,0.01886,0.01894,0.01837,0.01859,24265080.0
1735214400000,1735214400000,0.01859,0.01878,0.01825,0.01848,50628690.0
1735236000000,1735236000000,0.01848,0.01899,0.01829,0.01876,20446320.0
1735257600000,1735257600000,0.01876,0.01935,0.01859,0.01904,38162310.0
1735279200000,1735279200000,0.01904,0.02203,0.01904,0.02168,439987530.0
1735300800000,1735300800000,0.02168,0.02243,0.02018,0.02113,287617360.0
1735322400000,1735322400000,0.02113,0.02134,0.02024,0.02052,50577380.0
1735344000000,1735344000000,0.02052,0.02063,0.01981,0.01982,66495560.0
1735365600000,1735365600000,0.01982,0.02024,0.01972,0.02008,38088970.0
1735387200000,1735387200000,0.02008,0.02066,0.01983,0.02056,39688470.0
1735408800000,1735408800000,0.02056,0.02082,0.02038,0.02082,16617290.0
1735430400000,1735430400000,0.02082,0.02102,0.0203,0.02033,22815050.0
1735452000000,1735452000000,0.02033,0.02065,0.02026,0.02038,18450280.0
1735473600000,1735473600000,0.02038,0.02098,0.01995,0.02007,80584770.0
1735495200000,1735495200000,0.02007,0.02028,0.01965,0.02004,23644630.0
1735516800000,1735516800000,0.02004,0.02057,0.01987,0.02011,24987350.0
1735538400000,1735538400000,0.02011,0.02037,0.01964,0.01987,21532170.0
1735560000000,1735560000000,0.01987,0.02006,0.01902,0.0196,47588980.0
1735581600000,1735581600000,0.0196,0.02021,0.01935,0.0196,26692730.0
1735603200000,1735603200000,0.0196,0.0197,0.01914,0.01941,26812020.0
1735624800000,1735624800000,0.01941,0.01994,0.01925,0.01977,18068360.0
1735646400000,1735646400000,0.01977,0.02016,0.01945,0.01964,31724380.0
1735668000000,1735668000000,0.01964,0.01977,0.01939,0.01947,14899500.0
1735689600000,1735689600000,0.01947,0.01977,0.01941,0.01943,9605610.0
1735711200000,1735711200000,0.01943,0.01969,0.01924,0.01963,15327500.0
1735732800000,1735732800000,0.01963,0.0201,0.01949,0.01994,18609590.0
1735754400000,1735754400000,0.01994,0.02044,0.01979,0.02014,19917000.0
1735776000000,1735776000000,0.02014,0.02052,0.02014,0.0204,9538000.0
1735797600000,1735797600000,0.0204,0.02064,0.02022,0.02054,13385640.0
1735819200000,1735819200000,0.02054,0.02086,0.02034,0.02052,23551750.0
1735840800000,1735840800000,0.02052,0.02084,0.02023,0.02045,17499270.0
1735862400000,1735862400000,0.02045,0.0206,0.02018,0.02024,11543860.0
1735884000000,1735884000000,0.02024,0.02057,0.02,0.02054,17434090.0
1735905600000,1735905600000,0.02054,0.02106,0.0205,0.02094,30124300.0
1735927200000,1735927200000,0.02094,0.02111,0.02087,0.02103,9373020.0
1735948800000,1735948800000,0.02103,0.02112,0.02067,0.02084,12920610.0
1735970400000,1735970400000,0.02084,0.02113,0.02058,0.02074,10520440.0
1735992000000,1735992000000,0.02074,0.02113,0.02054,0.02083,10319030.0
1736013600000,1736013600000,0.02083,0.02095,0.02072,0.02085,6683640.0
1736035200000,1736035200000,0.02085,0.02088,0.02056,0.02065,5725200.0
1736056800000,1736056800000,0.02065,0.02093,0.02054,0.02093,6557190.0
1736078400000,1736078400000,0.02093,0.02294,0.02083,0.02289,111642760.0
1736100000000,1736100000000,0.02289,0.02289,0.02152,0.02165,93729610.0
1736121600000,1736121600000,0.02165,0.02174,0.02115,0.02146,17559220.0
1736143200000,1736143200000,0.02146,0.02153,0.0212,0.02151,12541810.0
1736164800000,1736164800000,0.02151,0.02175,0.02107,0.02151,24833380.0
1736186400000,1736186400000,0.02151,0.02161,0.02115,0.02139,8526100.0
1736208000000,1736208000000,0.02139,0.02161,0.02122,0.02135,8201440.0
1736229600000,1736229600000,0.02135,0.0219,0.02124,0.02147,31809570.0
1736251200000,1736251200000,0.02147,0.0218,0.01996,0.02012,85252750.0
1736272800000,1736272800000,0.02012,0.02023,0.01955,0.01955,23851450.0
1736294400000,1736294400000,0.01955,0.01978,0.01884,0.01887,27889480.0
1736316000000,1736316000000,0.01887,0.01912,0.01848,0.0189,22164610.0
1736337600000,1736337600000,0.0189,0.01932,0.01808,0.01869,38132470.0
1736359200000,1736359200000,0.01869,0.01911,0.01857,0.01885,12170970.0
1736380800000,1736380800000,0.01885,0.01917,0.01867,0.01878,9777090.0
1736402400000,1736402400000,0.01878,0.01881,0.01809,0.01856,18431210.0
1736424000000,1736424000000,0.01856,0.0188,0.01786,0.01832,24281610.0
1736445600000,1736445600000,0.01832,0.01852,0.01788,0.01837,15575200.0
1736467200000,1736467200000,0.01837,0.01875,0.01831,0.01861,8855120.0
1736488800000,1736488800000,0.01861,0.019,0.01857,0.01883,10550310.0
1736510400000,1736510400000,0.01883,0.0189,0.01815,0.01879,26421200.0
1736532000000,1736532000000,0.01879,0.01886,0.01861,0.01876,6151130.0
1736553600000,1736553600000,0.01876,0.01889,0.01836,0.01858,7671650.0
1736575200000,1736575200000,0.01858,0.01865,0.01838,0.01861,5564780.0
1736596800000,1736596800000,0.01861,0.01866,0.01827,0.01829,5706600.0
1736618400000,1736618400000,0.01829,0.01882,0.01823,0.0185,8736100.0
1736640000000,1736640000000,0.0185,0.01858,0.01843,0.01845,4849390.0
1736661600000,1736661600000,0.01845,0.01849,0.01819,0.0184,4287230.0
1736683200000,1736683200000,0.0184,0.0186,0.01834,0.01844,5488980.0
1736704800000,1736704800000,0.01844,0.01852,0.01801,0.01825,9763480.0
1736726400000,1736726400000,0.01825,0.01855,0.01759,0.0176,22272260.0
1736748000000,1736748000000,0.0176,0.01768,0.01659,0.01659,30686550.0
1736769600000,1736769600000,0.01659,0.01734,0.01641,0.01675,33884120.0
1736791200000,1736791200000,0.01675,0.01775,0.01653,0.01762,18433750.0
1736812800000,1736812800000,0.01762,0.01792,0.01754,0.01771,9969020.0
1736834400000,1736834400000,0.01771,0.01818,0.01763,0.01793,10243840.0
1736856000000,1736856000000,0.01793,0.01827,0.01785,0.01818,7501250.0
1736877600000,1736877600000,0.01818,0.0184,0.01806,0.01824,6228050.0
1736899200000,1736899200000,0.01824,0.01839,0.01814,0.01826,3852480.0
1736920800000,1736920800000,0.01826,0.01834,0.01774,0.01786,7872840.0
1736942400000,1736942400000,0.01786,0.01885,0.01776,0.01844,17646180.0
1736964000000,1736964000000,0.01844,0.01907,0.01844,0.01907,7279920.0
1736985600000,1736985600000,0.01907,0.01908,0.01868,0.01886,3909850.0
1737007200000,1737007200000,0.01886,0.01895,0.01847,0.01882,5573010.0
1737028800000,1737028800000,0.01882,0.01903,0.01834,0.01891,19506160.0
1737050400000,1737050400000,0.01891,0.01899,0.01848,0.0186,4015700.0
1737072000000,1737072000000,0.0186,0.01906,0.0186,0.01899,9148530.0
1737093600000,1737093600000,0.01899,0.01952,0.01898,0.0194,16594150.0
1737115200000,1737115200000,0.0194,0.01942,0.01914,0.01917,10036200.0
1737136800000,1737136800000,0.01917,0.01963,0.01913,0.01951,11221990.0
1737158400000,1737158400000,0.01951,0.01965,0.0181,0.0181,19732400.0
1737180000000,1737180000000,0.0181,0.01847,0.01784,0.01837,13581820.0
1737201600000,1737201600000,0.01837,0.01847,0.01774,0.01786,20874180.0
1737223200000,1737223200000,0.01786,0.01819,0.01778,0.01813,9343740.0
1737244800000,1737244800000,0.01813,0.01869,0.01797,0.01817,15807320.0
1737266400000,1737266400000,0.01817,0.01817,0.01654,0.01665,38538560.0
1737288000000,1737288000000,0.01665,0.01772,0.01664,0.0177,22522250.0
1737309600000,1737309600000,0.0177,0.01788,0.01571,0.01621,76485090.0
1737331200000,1737331200000,0.01621,0.01625,0.01542,0.01608,65207930.0
1737352800000,1737352800000,0.01608,0.01733,0.01608,0.01691,42233920.0
1737374400000,1737374400000,0.01691,0.01691,0.01543,0.0159,77474020.0
1737396000000,1737396000000,0.0159,0.0163,0.0157,0.01602,22662860.0
1737417600000,1737417600000,0.01602,0.01605,0.01514,0.01532,30498170.0
1737439200000,1737439200000,0.01532,0.01607,0.01524,0.01604,15449590.0
1737460800000,1737460800000,0.01604,0.01653,0.0159,0.01652,15528830.0
1737482400000,1737482400000,0.01652,0.01658,0.01598,0.01616,22216290.0
1737504000000,1737504000000,0.01616,0.0165,0.01611,0.01646,6655720.0
1737525600000,1737525600000,0.01646,0.01676,0.01616,0.01669,15983120.0
1737547200000,1737547200000,0.01669,0.01671,0.01616,0.01637,9396990.0
1737568800000,1737568800000,0.01637,0.01644,0.01571,0.01583,17813440.0
1737590400000,1737590400000,0.01583,0.01594,0.0156,0.01575,11133300.0
1737612000000,1737612000000,0.01575,0.01596,0.01557,0.01568,10284900.0
1737633600000,1737633600000,0.01568,0.01621,0.01548,0.01601,23686300.0
1737655200000,1737655200000,0.01601,0.01604,0.01536,0.01588,26516600.0
1737676800000,1737676800000,0.01588,0.01613,0.01537,0.01613,13285180.0
1737698400000,1737698400000,0.01613,0.01615,0.0159,0.01613,7212390.0
1737720000000,1737720000000,0.01613,0.01627,0.01591,0.01606,10165820.0
1737741600000,1737741600000,0.01606,0.01612,0.01547,0.01557,12617110.0
1737763200000,1737763200000,0.01557,0.01571,0.01526,0.01559,9783480.0
1737784800000,1737784800000,0.01559,0.01565,0.0153,0.01556,7736500.0
1737806400000,1737806400000,0.01556,0.01571,0.01548,0.01565,10148110.0
1737828000000,1737828000000,0.01565,0.01576,0.01559,0.0156,3637490.0
1737849600000,1737849600000,0.0156,0.01601,0.01559,0.01598,5245450.0
1737871200000,1737871200000,0.01598,0.01618,0.01581,0.01607,8737620.0
1737892800000,1737892800000,0.01607,0.01616,0.01589,0.01608,5784340.0
1737914400000,1737914400000,0.01608,0.01619,0.01549,0.01556,12405810.0
1737936000000,1737936000000,0.01556,0.01556,0.01445,0.0146,40340570.0
1737957600000,1737957600000,0.0146,0.01466,0.01395,0.01429,38316020.0
1737979200000,1737979200000,0.01429,0.0149,0.01417,0.01451,28651760.0
1738000800000,1738000800000,0.01451,0.01517,0.01435,0.01501,23687750.0
1738022400000,1738022400000,0.01501,0.01509,0.01474,0.01497,8380890.0
1738044000000,1738044000000,0.01497,0.01498,0.01473,0.01481,7255880.0
1738065600000,1738065600000,0.01481,0.01495,0.01457,0.01465,9427800.0
1738087200000,1738087200000,0.01465,0.01468,0.01381,0.01402,28664590.0
1738108800000,1738108800000,0.01402,0.01442,0.01397,0.01441,8998850.0
1738130400000,1738130400000,0.01441,0.0146,0.01427,0.01438,9656640.0
1738152000000,1738152000000,0.01438,0.01442,0.01404,0.01426,10607280.0
1738173600000,1738173600000,0.01426,0.0149,0.01406,0.01444,29195500.0
1738195200000,1738195200000,0.01444,0.01489,0.0143,0.0148,11676400.0
1738216800000,1738216800000,0.0148,0.01499,0.01467,0.01496,7682840.0
1738238400000,1738238400000,0.01496,0.01536,0.01488,0.01522,17582020.0
1738260000000,1738260000000,0.01522,0.01532,0.01499,0.01499,10678660.0
1738281600000,1738281600000,0.01499,0.01513,0.01482,0.01502,8753070.0
1738303200000,1738303200000,0.01502,0.01539,0.01495,0.01538,12823310.0
1738324800000,1738324800000,0.01538,0.01581,0.01533,0.01551,25976800.0
1738346400000,1738346400000,0.01551,0.01554,0.01502,0.01518,17847310.0
1738368000000,1738368000000,0.01518,0.01539,0.0151,0.01536,5371760.0
1738389600000,1738389600000,0.01536,0.01537,0.01468,0.01489,20856520.0
1738411200000,1738411200000,0.01489,0.01498,0.01457,0.01465,8318770.0
1738432800000,1738432800000,0.01465,0.01466,0.01384,0.01401,29853560.0
1738454400000,1738454400000,0.01401,0.01433,0.01371,0.01406,18101780.0
1738476000000,1738476000000,0.01406,0.01416,0.01371,0.01377,17228960.0
1738497600000,1738497600000,0.01377,0.01399,0.0123,0.01248,81827650.0
1738519200000,1738519200000,0.01248,0.01271,0.01135,0.01227,149587020.0
1738540800000,1738540800000,0.01227,0.01228,0.00837,0.01017,337195580.0
1738562400000,1738562400000,0.01017,0.01082,0.01006,0.01064,50024950.0
1738584000000,1738584000000,0.01064,0.01154,0.01022,0.01142,90414400.0
1738605600000,1738605600000,0.01142,0.01224,0.01133,0.01205,38190580.0
1738627200000,1738627200000,0.01205,0.01217,0.01093,0.01095,33435930.0
1738648800000,1738648800000,0.01095,0.01139,0.01085,0.01124,26571290.0
1738670400000,1738670400000,0.01124,0.01169,0.01124,0.01146,38273000.0
1738692000000,1738692000000,0.01146,0.01179,0.01089,0.01128,52252000.0
1738713600000,1738713600000,0.01128,0.01174,0.01114,0.01165,15226660.0
1738735200000,1738735200000,0.01165,0.01169,0.01137,0.01156,9908150.0
1738756800000,1738756800000,0.01156,0.01217,0.01133,0.01187,129338500.0
1738778400000,1738778400000,0.01187,0.01189,0.01111,0.01131,39551780.0
1738800000000,1738800000000,0.01131,0.01141,0.01109,0.01125,17595500.0
1738821600000,1738821600000,0.01125,0.01146,0.01093,0.01102,26814650.0
1738843200000,1738843200000,0.01102,0.01113,0.01029,0.01039,51968520.0
1738864800000,1738864800000,0.01039,0.01055,0.0102,0.01038,29107910.0
1738886400000,1738886400000,0.01038,0.01085,0.01037,0.01074,15403470.0
1738908000000,1738908000000,0.01074,0.01088,0.01046,0.01082,25182440.0
1738929600000,1738929600000,0.01082,0.01106,0.01065,0.01078,41228280.0
1738951200000,1738951200000,0.01078,0.0109,0.0102,0.01055,18991690.0
1738972800000,1738972800000,0.01055,0.0107,0.01047,0.01059,7228580.0
1738994400000,1738994400000,0.01059,0.01077,0.01054,0.01066,9676610.0
1739016000000,1739016000000,0.01066,0.01225,0.01057,0.01196,357624290.0
1739037600000,1739037600000,0.01196,0.01302,0.01178,0.01247,282386770.0
1739059200000,1739059200000,0.01247,0.01279,0.01225,0.01244,70191350.0
1739080800000,1739080800000,0.01244,0.01297,0.01224,0.01257,83307370.0
1739102400000,1739102400000,0.01257,0.01357,0.01231,0.01264,223291740.0
1739124000000,1739124000000,0.01264,0.01287,0.01197,0.01278,97966010.0
1739145600000,1739145600000,0.01278,0.01372,0.01249,0.01348,95997330.0
1739167200000,1739167200000,0.01348,0.01363,0.01305,0.01327,99213720.0
1739188800000,1739188800000,0.01327,0.01384,0.01297,0.01376,73954030.0
1739210400000,1739210400000,0.01376,0.01923,0.01376,0.01587,1191161750.0
1739232000000,1739232000000,0.01587,0.01722,0.01558,0.01661,174092520.0
1739253600000,1739253600000,0.01661,0.01672,0.01584,0.01604,110494970.0
1739275200000,1739275200000,0.01604,0.0174,0.01554,0.0172,250558070.0
1739296800000,1739296800000,0.0172,0.01866,0.01662,0.01754,260351130.0
1739318400000,1739318400000,0.01754,0.01873,0.0172,0.01833,186230080.0
1739340000000,1739340000000,0.01833,0.01927,0.01782,0.01834,230167350.0
1739361600000,1739361600000,0.01834,0.01897,0.01764,0.01895,264273180.0
1739383200000,1739383200000,0.01895,0.02216,0.01876,0.02112,451920590.0
1739404800000,1739404800000,0.02112,0.02194,0.01924,0.01978,133791580.0
1739426400000,1739426400000,0.01978,0.01992,0.01862,0.01892,100253570.0
1739448000000,1739448000000,0.01892,0.01903,0.01775,0.01813,106104990.0
1739469600000,1739469600000,0.01813,0.01857,0.01803,0.0182,43280450.0
1739491200000,1739491200000,0.0182,0.01857,0.01782,0.01789,37935620.0
1739512800000,1739512800000,0.01789,0.01801,0.01738,0.0175,50670000.0
1739534400000,1739534400000,0.0175,0.01817,0.01745,0.018,71585820.0
1739556000000,1739556000000,0.018,0.01822,0.01701,0.01741,45084360.0
1739577600000,1739577600000,0.01741,0.01789,0.01728,0.01774,32043020.0
1739599200000,1739599200000,0.01774,0.01981,0.01738,0.01853,173404650.0
1739620800000,1739620800000,0.01853,0.01895,0.01689,0.01739,124881420.0
1739642400000,1739642400000,0.01739,0.01937,0.01724,0.01891,205526070.0
1739664000000,1739664000000,0.01891,0.0192,0.018,0.01839,115854200.0
1739685600000,1739685600000,0.01839,0.01867,0.01773,0.01815,66423170.0
1739707200000,1739707200000,0.01815,0.01946,0.01792,0.01841,76821890.0
1739728800000,1739728800000,0.01841,0.0186,0.01779,0.0184,57800030.0
1739750400000,1739750400000,0.0184,0.01997,0.01836,0.0199,82413480.0
1739772000000,1739772000000,0.0199,0.02096,0.01902,0.01923,206826690.0
1739793600000,1739793600000,0.01923,0.01965,0.01851,0.01886,97036750.0
1739815200000,1739815200000,0.01886,0.01935,0.01839,0.01904,44183400.0
1739836800000,1739836800000,0.01904,0.01932,0.01819,0.01821,36262250.0
1739858400000,1739858400000,0.01821,0.01865,0.01783,0.01844,37909760.0
1739880000000,1739880000000,0.01844,0.01875,0.01609,0.01649,121648750.0
1739901600000,1739901600000,0.01649,0.01699,0.01644,0.01689,32500700.0
1739923200000,1739923200000,0.01689,0.01715,0.01651,0.01683,28113980.0
1739944800000,1739944800000,0.01683,0.0176,0.01683,0.01757,45209460.0
1739966400000,1739966400000,0.01757,0.01783,0.01731,0.01745,34685350.0
1739988000000,1739988000000,0.01745,0.01774,0.01715,0.01765,17028260.0
1740009600000,1740009600000,0.01765,0.01793,0.01744,0.01755,20184450.0
1740031200000,1740031200000,0.01755,0.01761,0.01705,0.01736,19639160.0
1740052800000,1740052800000,0.01736,0.01748,0.01684,0.01716,68599340.0
1740074400000,1740074400000,0.01716,0.0175,0.01714,0.0174,23865330.0
1740096000000,1740096000000,0.0174,0.01762,0.0172,0.0174,19298040.0
1740117600000,1740117600000,0.0174,0.01802,0.01719,0.01763,32583540.0
1740139200000,1740139200000,0.01763,0.01792,0.01676,0.01707,63113250.0
1740160800000,1740160800000,0.01707,0.01712,0.01584,0.01624,60546270.0
1740182400000,1740182400000,0.01624,0.01662,0.01614,0.01658,14672550.0
1740204000000,1740204000000,0.01658,0.0169,0.01637,0.01683,24826220.0
1740225600000,1740225600000,0.01683,0.01697,0.01654,0.01685,11877680.0
1740247200000,1740247200000,0.01685,0.01721,0.01664,0.01712,7427440.0
1740268800000,1740268800000,0.01712,0.01717,0.01647,0.01647,10755430.0
1740290400000,1740290400000,0.01647,0.0168,0.01636,0.0164,10115430.0
1740312000000,1740312000000,0.0164,0.01657,0.01599,0.01627,18773380.0
1740333600000,1740333600000,0.01627,0.01645,0.01603,0.01633,7827320.0
1740355200000,1740355200000,0.01633,0.01639,0.0154,0.01584,17423770.0
1740376800000,1740376800000,0.01584,0.01608,0.01538,0.01563,24268270.0
1740398400000,1740398400000,0.01563,0.01594,0.01523,0.01549,28142560.0
1740420000000,1740420000000,0.01549,0.01549,0.01374,0.01431,77747750.0
1740441600000,1740441600000,0.01431,0.01453,0.01395,0.01439,57631100.0
1740463200000,1740463200000,0.01439,0.01461,0.0133,0.01453,63354670.0
1740484800000,1740484800000,0.01453,0.01479,0.01409,0.01465,28627100.0
1740506400000,1740506400000,0.01465,0.01504,0.01443,0.01482,17916810.0
1740528000000,1740528000000,0.01482,0.01506,0.01466,0.01479,7986200.0
1740549600000,1740549600000,0.01479,0.01526,0.01466,0.01492,18600550.0
1740571200000,1740571200000,0.01492,0.01516,0.01451,0.0146,26122840.0
1740592800000,1740592800000,0.0146,0.01515,0.01426,0.01492,26160860.0
1740614400000,1740614400000,0.01492,0.01515,0.01473,0.01515,9015660.0
1740636000000,1740636000000,0.01515,0.01537,0.01509,0.01517,13372040.0
1740657600000,1740657600000,0.01517,0.01523,0.01476,0.01492,23841650.0
1740679200000,1740679200000,0.01492,0.01496,0.0144,0.01476,17738870.0
1740700800000,1740700800000,0.01476,0.01486,0.01357,0.01384,46320900.0
1740722400000,1740722400000,0.01384,0.0142,0.01365,0.014,32164760.0
1740744000000,1740744000000,0.014,0.01531,0.01391,0.01516,38365400.0
1740765600000,1740765600000,0.01516,0.01532,0.01496,0.01515,20049170.0
1740787200000,1740787200000,0.01515,0.01535,0.01491,0.01519,19005880.0
1740808800000,1740808800000,0.01519,0.01541,0.01483,0.01494,26094310.0
1740830400000,1740830400000,0.01494,0.01504,0.01468,0.0149,15824750.0
1740852000000,1740852000000,0.0149,0.01509,0.01479,0.01496,7945940.0
1740873600000,1740873600000,0.01496,0.0151,0.01487,0.01499,6817790.0
1740895200000,1740895200000,0.01499,0.01516,0.0148,0.01508,10401410.0
1740916800000,1740916800000,0.01508,0.01607,0.01471,0.01593,107031710.0
1740938400000,1740938400000,0.01593,0.01632,0.01585,0.01605,25472220.0
1740960000000,1740960000000,0.01605,0.01612,0.01519,0.0154,33102510.0
1740981600000,1740981600000,0.0154,0.0154,0.01386,0.01453,200310120.0
1741003200000,1741003200000,0.01453,0.01481,0.01394,0.01407,90278430.0
1741024800000,1741024800000,0.01407,0.01408,0.01293,0.01315,119745810.0
1741046400000,1741046400000,0.01315,0.01331,0.01217,0.01294,45337940.0
1741068000000,1741068000000,0.01294,0.01312,0.01274,0.0129,27659790.0
1741089600000,1741089600000,0.0129,0.01322,0.01228,0.01295,52676730.0
1741111200000,1741111200000,0.01295,0.01333,0.01286,0.01307,23599790.0
1741132800000,1741132800000,0.01307,0.01316,0.01282,0.01289,12110930.0
1741154400000,1741154400000,0.01289,0.01329,0.01278,0.013,16613370.0
1741176000000,1741176000000,0.013,0.01312,0.01267,0.01288,29523810.0
1741197600000,1741197600000,0.01288,0.01306,0.01283,0.01297,10811890.0
1741219200000,1741219200000,0.01297,0.01325,0.01279,0.01316,19903370.0
1741240800000,1741240800000,0.01316,0.01316,0.01289,0.0131,16300480.0
1741262400000,1741262400000,0.0131,0.01311,0.01244,0.01252,26235190.0
1741284000000,1741284000000,0.01252,0.0126,0.01227,0.01243,24406710.0
1741305600000,1741305600000,0.01243,0.01257,0.01177,0.01234,31491680.0
1741327200000,1741327200000,0.01234,0.01261,0.01222,0.01253,19100700.0
1741348800000,1741348800000,0.01253,0.01287,0.01242,0.01256,36493310.0
1741370400000,1741370400000,0.01256,0.01296,0.01228,0.01239,19439530.0
1741392000000,1741392000000,0.01239,0.01249,0.01222,0.01235,9089930.0
1741413600000,1741413600000,0.01235,0.01241,0.01207,0.01213,15168290.0
1741435200000,1741435200000,0.01213,0.01232,0.01205,0.01227,25217080.0
1741456800000,1741456800000,0.01227,0.01237,0.01209,0.01217,9923140.0
1741478400000,1741478400000,0.01217,0.01226,0.01198,0.01198,5396000.0
1741500000000,1741500000000,0.01198,0.01211,0.01181,0.01194,12719630.0
1741521600000,1741521600000,0.01194,0.01194,0.01078,0.01084,58540650.0
1741543200000,1741543200000,0.01084,0.01143,0.01077,0.01109,33323050.0
1741564800000,1741564800000,0.01109,0.01159,0.01091,0.01151,25980040.0
1741586400000,1741586400000,0.01151,0.01218,0.0115,0.01194,35925870.0
1741608000000,1741608000000,0.01194,0.01201,0.01112,0.0112,57430870.0
1741629600000,1741629600000,0.0112,0.01161,0.01063,0.01121,72430680.0
1741651200000,1741651200000,0.01121,0.01153,0.0103,0.01141,68076400.0
1741672800000,1741672800000,0.01141,0.01166,0.01137,0.01151,23515880.0
1741694400000,1741694400000,0.01151,0.01181,0.01121,0.01158,56458980.0
1741716000000,1741716000000,0.01158,0.01207,0.01158,0.01178,25900480.0
1741737600000,1741737600000,0.01178,0.01194,0.01137,0.01156,23232960.0
1741759200000,1741759200000,0.01156,0.01209,0.01143,0.01197,46419980.0
1741780800000,1741780800000,0.01197,0.01232,0.01159,0.01192,50636770.0
1741802400000,1741802400000,0.01192,0.0121,0.01186,0.01207,17576090.0
1741824000000,1741824000000,0.01207,0.01213,0.01185,0.01196,32190450.0
1741845600000,1741845600000,0.01196,0.01225,0.01187,0.01215,18676860.0
1741867200000,1741867200000,0.01215,0.01242,0.01175,0.01176,66297690.0
1741888800000,1741888800000,0.01176,0.01219,0.01176,0.01209,15709110.0
1741910400000,1741910400000,0.01209,0.01236,0.01203,0.01232,13269030.0
1741932000000,1741932000000,0.01232,0.01267,0.01224,0.01235,28704000.0
1741953600000,1741953600000,0.01235,0.01285,0.01235,0.01263,46110300.0
1741975200000,1741975200000,0.01263,0.01271,0.01252,0.01254,11602040.0
1741996800000,1741996800000,0.01254,0.01261,0.01238,0.01257,14094330.0
1742018400000,1742018400000,0.01257,0.01258,0.01231,0.01248,12142940.0
1742040000000,1742040000000,0.01248,0.01384,0.01248,0.0136,95719630.0
1742061600000,1742061600000,0.0136,0.01467,0.01341,0.01386,164651920.0
1742083200000,1742083200000,0.01386,0.0139,0.01342,0.01354,42780200.0
1742104800000,1742104800000,0.01354,0.0137,0.01295,0.01297,49200560.0
1742126400000,1742126400000,0.01297,0.01319,0.01262,0.01308,55041410.0
1742148000000,1742148000000,0.01308,0.0131,0.01257,0.01281,30886070.0
1742169600000,1742169600000,0.01281,0.01321,0.01279,0.01305,29568010.0
1742191200000,1742191200000,0.01305,0.01325,0.0129,0.01307,11207010.0
1742212800000,1742212800000,0.01307,0.01368,0.01286,0.01311,62223880.0
1742234400000,1742234400000,0.01311,0.01376,0.0131,0.01346,44857340.0
1742256000000,1742256000000,0.01346,0.0136,0.01304,0.01317,42788790.0
1742277600000,1742277600000,0.01317,0.0132,0.01263,0.01265,65699370.0
1742299200000,1742299200000,0.01265,0.01281,0.01247,0.0125,24107050.0
1742320800000,1742320800000,0.0125,0.01286,0.01244,0.01284,20252720.0
1742342400000,1742342400000,0.01284,0.01307,0.01277,0.013,11455350.0
1742364000000,1742364000000,0.013,0.01317,0.01282,0.01304,34395390.0
1742385600000,1742385600000,0.01304,0.0133,0.01288,0.01297,38778280.0
1742407200000,1742407200000,0.01297,0.01319,0.01287,0.01316,29847570.0
1742428800000,1742428800000,0.01316,0.01323,0.01295,0.01301,17447080.0
1742450400000,1742450400000,0.01301,0.01315,0.01279,0.01294,16196780.0
1742472000000,1742472000000,0.01294,0.01318,0.01279,0.01297,22890510.0
1742493600000,1742493600000,0.01297,0.0134,0.01295,0.01318,22890640.0
1742515200000,1742515200000,0.01318,0.01326,0.01303,0.01319,13468970.0
1742536800000,1742536800000,0.01319,0.01325,0.01274,0.01282,17542010.0
1742558400000,1742558400000,0.01282,0.01314,0.01272,0.01291,45007080.0
1742580000000,1742580000000,0.01291,0.01304,0.01273,0.01277,18290910.0
1742601600000,1742601600000,0.01277,0.01301,0.01277,0.01299,8200990.0
1742623200000,1742623200000,0.01299,0.01317,0.01299,0.01308,9484340.0
1742644800000,1742644800000,0.01308,0.01348,0.01295,0.01327,36980210.0
1742666400000,1742666400000,0.01327,0.01331,0.01291,0.01296,14099680.0
1742688000000,1742688000000,0.01296,0.01312,0.01293,0.01304,7196170.0
1742709600000,1742709600000,0.01304,0.0133,0.01301,0.01314,10967300.0
1742731200000,1742731200000,0.01314,0.01316,0.01276,0.01281,16024500.0
1742752800000,1742752800000,0.01281,0.01298,0.01273,0.01294,9526880.0
1742774400000,1742774400000,0.01294,0.01313,0.01273,0.01312,13452450.0
1742796000000,1742796000000,0.01312,0.01331,0.01311,0.0132,12353960.0
1742817600000,1742817600000,0.0132,0.01337,0.01316,0.01329,15838490.0
1742839200000,1742839200000,0.01329,0.01336,0.0132,0.01326,8182740.0
1742860800000,1742860800000,0.01326,0.0134,0.01301,0.0131,11875970.0
1742882400000,1742882400000,0.0131,0.01329,0.01309,0.01328,6447530.0
1742904000000,1742904000000,0.01328,0.0136,0.01305,0.01353,17998470.0
1742925600000,1742925600000,0.01353,0.01362,0.01333,0.01358,15848460.0
1742947200000,1742947200000,0.01358,0.01361,0.01324,0.01348,14678590.0
1742968800000,1742968800000,0.01348,0.01367,0.01344,0.01363,11210790.0
1742990400000,1742990400000,0.01363,0.01372,0.01316,0.01325,29365250.0
1743012000000,1743012000000,0.01325,0.01335,0.01301,0.01324,13529660.0
1743033600000,1743033600000,0.01324,0.01344,0.01322,0.01331,12879830.0
1743055200000,1743055200000,0.01331,0.01341,0.01302,0.01305,15481590.0
1743076800000,1743076800000,0.01305,0.0131,0.01257,0.0126,35820780.0
1743098400000,1743098400000,0.0126,0.01309,0.0126,0.01281,42322520.0
1743120000000,1743120000000,0.01281,0.01289,0.01223,0.01223,31865780.0
1743141600000,1743141600000,0.01223,0.01231,0.01205,0.0122,28768100.0
1743163200000,1743163200000,0.0122,0.01221,0.01183,0.01191,19063340.0
1743184800000,1743184800000,0.01191,0.01206,0.01179,0.01205,10779170.0
1743206400000,1743206400000,0.01205,0.01212,0.01184,0.01192,13428450.0
1743228000000,1743228000000,0.01192,0.01192,0.01134,0.01138,33352950.0
1743249600000,1743249600000,0.01138,0.0116,0.01118,0.01124,19725020.0
1743271200000,1743271200000,0.01124,0.0114,0.0111,0.01133,17574150.0
1743292800000,1743292800000,0.01133,0.01159,0.0112,0.01153,11284570.0
1743314400000,1743314400000,0.01153,0.01174,0.01146,0.01166,11732730.0
1743336000000,1743336000000,0.01166,0.0122,0.01155,0.01204,43704710.0
1743357600000,1743357600000,0.01204,0.01278,0.01196,0.01211,120050630.0
1743379200000,1743379200000,0.01211,0.01217,0.01171,0.01184,24482590.0
1743400800000,1743400800000,0.01184,0.01188,0.01105,0.01139,234513470.0
1743422400000,1743422400000,0.01139,0.01173,0.01121,0.01145,37256520.0
1743444000000,1743444000000,0.01145,0.0117,0.0114,0.01147,19278520.0
1743465600000,1743465600000,0.01147,0.01162,0.01138,0.01155,13231750.0
1743487200000,1743487200000,0.01155,0.01186,0.0115,0.0116,32012120.0
1743508800000,1743508800000,0.0116,0.01189,0.01144,0.01169,34157420.0
1743530400000,1743530400000,0.01169,0.01169,0.01133,0.01154,15396040.0
1743552000000,1743552000000,0.01154,0.01156,0.01081,0.01089,42435830.0
1743573600000,1743573600000,0.01089,0.01145,0.01084,0.0113,29396430.0
1743595200000,1743595200000,0.0113,0.01337,0.01126,0.01306,327406460.0
1743616800000,1743616800000,0.01306,0.01315,0.01177,0.012,157701400.0
1743638400000,1743638400000,0.012,0.01229,0.01183,0.01186,56274320.0
1743660000000,1743660000000,0.01186,0.01192,0.01097,0.0112,59806150.0
1743681600000,1743681600000,0.0112,0.01166,0.01113,0.01156,47862620.0
1743703200000,1743703200000,0.01156,0.01199,0.01146,0.01192,23402710.0
1743724800000,1743724800000,0.01192,0.0122,0.01172,0.01206,38053020.0
1743746400000,1743746400000,0.01206,0.0121,0.01158,0.01167,31446950.0
1743768000000,1743768000000,0.01167,0.01195,0.01157,0.01192,45738040.0
1743789600000,1743789600000,0.01192,0.01197,0.01174,0.01185,10889340.0
1743811200000,1743811200000,0.01185,0.01192,0.0117,0.01178,15936420.0
1743832800000,1743832800000,0.01178,0.01204,0.01177,0.01188,14803330.0
1743854400000,1743854400000,0.01188,0.01188,0.01162,0.01166,8141650.0
1743876000000,1743876000000,0.01166,0.01174,0.01154,0.01173,9904970.0
1743897600000,1743897600000,0.01173,0.01187,0.01167,0.01185,10549530.0
1743919200000,1743919200000,0.01185,0.01241,0.01169,0.01236,55362890.0
1743940800000,1743940800000,0.01236,0.01255,0.01102,0.01124,132630450.0
1743962400000,1743962400000,0.01124,0.01131,0.0106,0.01095,66702770.0
1743984000000,1743984000000,0.01095,0.01135,0.01055,0.01065,49692260.0
1744005600000,1744005600000,0.01065,0.01093,0.00984,0.0107,83801100.0
1744027200000,1744027200000,0.0107,0.01159,0.01066,0.01141,72644630.0
1744048800000,1744048800000,0.01141,0.01143,0.01123,0.01135,21221460.0
1744070400000,1744070400000,0.01135,0.01168,0.01132,0.01142,27776320.0
1744092000000,1744092000000,0.01142,0.01142,0.0111,0.01135,29888520.0
1744113600000,1744113600000,0.01135,0.01137,0.01051,0.01065,32181840.0
1744135200000,1744135200000,0.01065,0.01078,0.01049,0.01063,21546370.0
1744156800000,1744156800000,0.01063,0.01075,0.01005,0.0107,36993170.0
1744178400000,1744178400000,0.0107,0.01096,0.01058,0.01064,17686330.0
1744200000000,1744200000000,0.01064,0.01162,0.01058,0.01161,46830740.0
1744221600000,1744221600000,0.01161,0.01167,0.01142,0.01153,22346490.0
1744243200000,1744243200000,0.01153,0.01165,0.01133,0.01152,19304880.0
1744264800000,1744264800000,0.01152,0.01153,0.01133,0.01145,50036600.0
1744286400000,1744286400000,0.01145,0.01167,0.01113,0.01131,34872910.0
1744308000000,1744308000000,0.01131,0.01131,0.01102,0.0112,15698110.0
1744329600000,1744329600000,0.0112,0.0115,0.01112,0.01143,27174210.0
1744351200000,1744351200000,0.01143,0.0115,0.01132,0.01141,19263390.0
1744372800000,1744372800000,0.01141,0.01204,0.01134,0.01178,50288140.0
1744394400000,1744394400000,0.01178,0.01209,0.01174,0.01203,22065320.0
1744416000000,1744416000000,0.01203,0.01203,0.01168,0.01174,14456580.0
1744437600000,1744437600000,0.01174,0.01194,0.01169,0.01188,13731050.0
1744459200000,1744459200000,0.01188,0.01211,0.01185,0.01192,18523190.0
1744480800000,1744480800000,0.01192,0.01206,0.01191,0.01195,8143320.0
1744502400000,1744502400000,0.01195,0.01211,0.01172,0.01184,14484420.0
1744524000000,1744524000000,0.01184,0.0125,0.0118,0.01196,45774650.0
1744545600000,1744545600000,0.01196,0.01203,0.01149,0.012,27218490.0
1744567200000,1744567200000,0.012,0.01207,0.01127,0.01152,33740460.0
1744588800000,1744588800000,0.01152,0.01187,0.01148,0.01156,10845470.0
1744610400000,1744610400000,0.01156,0.01185,0.01149,0.01184,17632530.0
1744632000000,1744632000000,0.01184,0.01186,0.01136,0.01157,23502610.0
1744653600000,1744653600000,0.01157,0.01163,0.01145,0.01149,9103390.0
1744675200000,1744675200000,0.01149,0.01161,0.01142,0.01153,11729350.0
1744696800000,1744696800000,0.01153,0.01157,0.01139,0.01146,8429820.0
1744718400000,1744718400000,0.01146,0.01161,0.01112,0.01114,25463640.0
1744740000000,1744740000000,0.01114,0.01122,0.01096,0.01113,15254710.0
1744761600000,1744761600000,0.01113,0.01131,0.01097,0.0111,22279830.0
1744783200000,1744783200000,0.0111,0.01126,0.01102,0.01122,12085240.0
1744804800000,1744804800000,0.01122,0.01145,0.01087,0.01091,26600680.0
1744826400000,1744826400000,0.01091,0.01134,0.01091,0.01112,16523410.0
1744848000000,1744848000000,0.01112,0.01123,0.01103,0.01121,6901710.0
1744869600000,1744869600000,0.01121,0.01128,0.01104,0.01112,5613780.0
1744891200000,1744891200000,0.01112,0.01134,0.01096,0.01133,16003790.0
1744912800000,1744912800000,0.01133,0.01135,0.01109,0.0112,5459340.0
1744934400000,1744934400000,0.0112,0.01154,0.01115,0.01151,29414860.0
1744956000000,1744956000000,0.01151,0.01208,0.01142,0.01198,119885350.0
1744977600000,1744977600000,0.01198,0.01243,0.01186,0.01211,92938530.0
1744999200000,1744999200000,0.01211,0.01233,0.01195,0.01221,26785410.0
1745020800000,1745020800000,0.01221,0.01244,0.01202,0.01203,52543410.0
1745042400000,1745042400000,0.01203,0.0121,0.01187,0.01205,55644560.0
1745064000000,1745064000000,0.01205,0.01272,0.01199,0.0127,30489950.0
1745085600000,1745085600000,0.0127,0.01279,0.01219,0.01225,27994880.0
1745107200000,1745107200000,0.01225,0.01247,0.01213,0.01234,49762060.0
1745128800000,1745128800000,0.01234,0.01263,0.01191,0.01216,26960280.0
1745150400000,1745150400000,0.01216,0.01234,0.01206,0.01227,10850770.0
1745172000000,1745172000000,0.01227,0.0124,0.01208,0.01229,14276610.0
1745193600000,1745193600000,0.01229,0.01258,0.01222,0.01247,13986770.0
1745215200000,1745215200000,0.01247,0.01264,0.01224,0.01233,17038860.0
1745236800000,1745236800000,0.01233,0.01255,0.01197,0.01214,18403640.0
1745258400000,1745258400000,0.01214,0.01237,0.01181,0.0119,14850160.0
1745280000000,1745280000000,0.0119,0.01209,0.01175,0.01199,19073880.0
1745301600000,1745301600000,0.01199,0.01211,0.01186,0.01206,13077040.0
1745323200000,1745323200000,0.01206,0.01242,0.01203,0.01227,16720790.0
1745344800000,1745344800000,0.01227,0.01253,0.01225,0.01248,10864340.0
1745366400000,1745366400000,0.01248,0.01277,0.0124,0.01253,33127050.0
1745388000000,1745388000000,0.01253,0.01283,0.0125,0.01261,15704130.0
1745409600000,1745409600000,0.01261,0.0137,0.01238,0.01348,93966380.0
1745431200000,1745431200000,0.01348,0.01348,0.01293,0.01314,25695030.0
1745452800000,1745452800000,0.01314,0.01344,0.01269,0.01308,22244540.0
1745474400000,1745474400000,0.01308,0.01332,0.01274,0.01293,32799460.0
1745496000000,1745496000000,0.01293,0.01327,0.01253,0.01283,64111930.0
1745517600000,1745517600000,0.01283,0.01323,0.01281,0.0132,13201220.0
1745539200000,1745539200000,0.0132,0.0133,0.01298,0.01323,26637570.0
1745560800000,1745560800000,0.01323,0.01357,0.01319,0.01327,20299640.0
1745582400000,1745582400000,0.01327,0.01349,0.01301,0.01311,28801420.0
1745604000000,1745604000000,0.01311,0.01325,0.01295,0.01308,16858910.0
1745625600000,1745625600000,0.01308,0.01365,0.01307,0.01351,27906710.0
1745647200000,1745647200000,0.01351,0.01366,0.01319,0.01343,23084770.0
1745668800000,1745668800000,0.01343,0.01344,0.01292,0.01325,32088790.0
1745690400000,1745690400000,0.01325,0.01345,0.01315,0.01339,12126550.0
1745712000000,1745712000000,0.01339,0.0135,0.01284,0.01293,16670450.0
1745733600000,1745733600000,0.01293,0.01328,0.01293,0.01317,14927440.0
1745755200000,1745755200000,0.01317,0.01322,0.0129,0.01312,15261150.0
1745776800000,1745776800000,0.01312,0.0132,0.01301,0.01304,5647840.0
1745798400000,1745798400000,0.01304,0.01324,0.01262,0.01304,29476800.0
1745820000000,1745820000000,0.01304,0.01331,0.01303,0.01318,10288760.0
1745841600000,1745841600000,0.01318,0.01319,0.01275,0.01299,13571490.0
1745863200000,1745863200000,0.01299,0.01316,0.01295,0.01312,5628880.0
1745884800000,1745884800000,0.01312,0.01328,0.01297,0.01306,5242620.0
1745906400000,1745906400000,0.01306,0.01334,0.01291,0.01294,10234340.0
1745928000000,1745928000000,0.01294,0.01304,0.01275,0.01296,9704620.0
1745949600000,1745949600000,0.01296,0.01304,0.01244,0.01255,23962870.0
1745971200000,1745971200000,0.01255,0.01277,0.01254,0.01274,10079610.0
1745992800000,1745992800000,0.01274,0.01294,0.01251,0.01291,12905470.0
1746014400000,1746014400000,0.01291,0.01292,0.01226,0.01262,20117170.0
1746036000000,1746036000000,0.01262,0.01269,0.01247,0.01267,8594800.0
1746057600000,1746057600000,0.01267,0.01281,0.01257,0.01268,7343460.0
1746079200000,1746079200000,0.01268,0.01293,0.01259,0.01288,7853000.0
1746100800000,1746100800000,0.01288,0.01315,0.01274,0.01307,10711110.0
1746122400000,1746122400000,0.01307,0.01309,0.01288,0.01298,7273290.0
1746144000000,1746144000000,0.01298,0.01385,0.01289,0.01372,53941400.0
1746165600000,1746165600000,0.01372,0.01407,0.01295,0.01311,133448490.0
1746187200000,1746187200000,0.01311,0.01346,0.013,0.01324,28408180.0
1746208800000,1746208800000,0.01324,0.01328,0.01299,0.01306,13141550.0
1746230400000,1746230400000,0.01306,0.01312,0.0126,0.0128,32972870.0
1746252000000,1746252000000,0.0128,0.01288,0.01213,0.01214,32827350.0
1746273600000,1746273600000,0.01214,0.0124,0.01136,0.01183,54186410.0
1746295200000,1746295200000,0.01183,0.01195,0.01171,0.0118,16737750.0
1746316800000,1746316800000,0.0118,0.01191,0.01167,0.01175,13473550.0
1746338400000,1746338400000,0.01175,0.01177,0.01144,0.01171,30453640.0
1746360000000,1746360000000,0.01171,0.01177,0.01155,0.01167,8713380.0
1746381600000,1746381600000,0.01167,0.01215,0.01165,0.01209,28647680.0
1746403200000,1746403200000,0.01209,0.01255,0.01205,0.01229,21881480.0
1746424800000,1746424800000,0.01229,0.0123,0.01179,0.01185,18623790.0
1746446400000,1746446400000,0.01185,0.012,0.01176,0.01193,31575310.0
1746468000000,1746468000000,0.01193,0.01204,0.01176,0.01184,6893130.0
1746489600000,1746489600000,0.01184,0.01186,0.01161,0.01178,9959970.0
1746511200000,1746511200000,0.01178,0.01185,0.01128,0.01136,15349360.0
1746532800000,1746532800000,0.01136,0.01156,0.01116,0.01151,9398450.0
1746554400000,1746554400000,0.01151,0.01169,0.01115,0.01166,14495300.0
1746576000000,1746576000000,0.01166,0.01188,0.01163,0.01173,15218030.0
1746597600000,1746597600000,0.01173,0.0119,0.01165,0.01184,6500190.0
1746619200000,1746619200000,0.01184,0.01192,0.01165,0.01182,12060280.0
1746640800000,1746640800000,0.01182,0.01197,0.01167,0.01192,7155180.0
1746662400000,1746662400000,0.01192,0.01227,0.01187,0.01217,13253800.0
1746684000000,1746684000000,0.01217,0.01237,0.01215,0.01236,10276440.0
1746705600000,1746705600000,0.01236,0.0128,0.01223,0.01265,11009590.0
1746727200000,1746727200000,0.01265,0.01302,0.01251,0.01288,10513730.0
1746748800000,1746748800000,0.01288,0.0133,0.01284,0.01325,14397570.0
1746770400000,1746770400000,0.01325,0.01363,0.01313,0.01335,11802630.0
1746792000000,1746792000000,0.01335,0.01342,0.013,0.01338,14775940.0
1746813600000,1746813600000,0.01338,0.01368,0.01333,0.01366,21991230.0
1746835200000,1746835200000,0.01366,0.01526,0.01365,0.01446,81515280.0
1746856800000,1746856800000,0.01446,0.01453,0.01391,0.01423,31729170.0
1746878400000,1746878400000,0.01423,0.01431,0.01386,0.01411,32414440.0
1746900000000,1746900000000,0.01411,0.0147,0.01408,0.01464,18062960.0
1746921600000,1746921600000,0.01464,0.01476,0.01407,0.01413,22756560.0
1746943200000,1746943200000,0.01413,0.01426,0.01372,0.01422,33497440.0
1746964800000,1746964800000,0.01422,0.01434,0.01393,0.01427,33023910.0
1746986400000,1746986400000,0.01427,0.01442,0.01396,0.0141,7337130.0
1747008000000,1747008000000,0.0141,0.01439,0.01388,0.01418,17736980.0
1747029600000,1747029600000,0.01418,0.01465,0.01416,0.0143,22218060.0
1747051200000,1747051200000,0.0143,0.01458,0.01388,0.01421,31076900.0
1747072800000,1747072800000,0.01421,0.01425,0.01333,0.01405,24476140.0
1747094400000,1747094400000,0.01405,0.01406,0.01335,0.0137,13803520.0
1747116000000,1747116000000,0.0137,0.01401,0.01367,0.01394,5376960.0
1747137600000,1747137600000,0.01394,0.01437,0.01367,0.01428,14296630.0
1747159200000,1747159200000,0.01428,0.01468,0.01428,0.01451,13323230.0
1747180800000,1747180800000,0.01451,0.01516,0.01436,0.01484,27951590.0
1747202400000,1747202400000,0.01484,0.01486,0.0142,0.01452,19430670.0
1747224000000,1747224000000,0.01452,0.01456,0.01386,0.01404,28040430.0
1747245600000,1747245600000,0.01404,0.01519,0.01404,0.01418,43715550.0
1747267200000,1747267200000,0.01418,0.01429,0.01355,0.01359,17189970.0
1747288800000,1747288800000,0.01359,0.01376,0.01319,0.0135,21784330.0
1747310400000,1747310400000,0.0135,0.01386,0.01306,0.01372,14376850.0
1747332000000,1747332000000,0.01372,0.01374,0.01308,0.01342,12960770.0
1747353600000,1747353600000,0.01342,0.01368,0.01327,0.01365,10420130.0
1747375200000,1747375200000,0.01365,0.01365,0.01328,0.0135,7089790.0
1747396800000,1747396800000,0.0135,0.01365,0.01324,0.01328,16150440.0
1747418400000,1747418400000,0.01328,0.01342,0.013,0.01305,11577660.0
1747440000000,1747440000000,0.01305,0.0131,0.01232,0.01264,19449380.0
1747461600000,1747461600000,0.01264,0.01275,0.0124,0.01263,9047380.0
1747483200000,1747483200000,0.01263,0.01273,0.01241,0.01259,11210430.0
1747504800000,1747504800000,0.01259,0.01274,0.01249,0.01261,5303870.0
1747526400000,1747526400000,0.01261,0.0129,0.01251,0.01289,4800700.0
1747548000000,1747548000000,0.01289,0.01316,0.01282,0.01294,4494630.0
1747569600000,1747569600000,0.01294,0.01338,0.01282,0.01292,15323480.0
1747591200000,1747591200000,0.01292,0.01312,0.01228,0.01309,21726940.0
1747612800000,1747612800000,0.01309,0.01312,0.01236,0.01249,13950870.0
1747634400000,1747634400000,0.01249,0.01259,0.01232,0.01255,8785010.0
1747656000000,1747656000000,0.01255,0.01289,0.01237,0.01276,6825360.0
1747677600000,1747677600000,0.01276,0.01289,0.01263,0.01287,3992600.0
1747699200000,1747699200000,0.01287,0.01298,0.01277,0.01289,4574430.0
1747720800000,1747720800000,0.01289,0.0129,0.01259,0.01269,5247900.0
1747742400000,1747742400000,0.01269,0.01277,0.01253,0.01274,6698820.0
1747764000000,1747764000000,0.01274,0.01303,0.01253,0.01286,9949430.0
1747785600000,1747785600000,0.01286,0.0131,0.01272,0.01308,4493200.0
1747807200000,1747807200000,0.01308,0.01319,0.01285,0.01304,3709990.0
1747828800000,1747828800000,0.01304,0.01324,0.01264,0.0128,13532890.0
1747850400000,1747850400000,0.0128,0.01316,0.01278,0.01302,8999050.0
1747872000000,1747872000000,0.01302,0.01341,0.01301,0.01325,7470380.0
1747893600000,1747893600000,0.01325,0.01356,0.01321,0.01348,5136920.0
1747915200000,1747915200000,0.01348,0.01443,0.01334,0.014,33482120.0
1747936800000,1747936800000,0.014,0.01425,0.01366,0.01391,9618770.0
1747958400000,1747958400000,0.01391,0.01416,0.01366,0.01388,8557100.0
1747980000000,1747980000000,0.01388,0.01389,0.01297,0.01309,12543610.0
1748001600000,1748001600000,0.01309,0.01337,0.01272,0.0132,9622640.0
1748023200000,1748023200000,0.0132,0.01325,0.01248,0.01258,4768800.0
1748044800000,1748044800000,0.01258,0.01285,0.01249,0.01283,6300790.0
1748066400000,1748066400000,0.01283,0.01297,0.01271,0.0129,6025900.0
1748088000000,1748088000000,0.0129,0.01303,0.0128,0.01294,3824090.0
1748109600000,1748109600000,0.01294,0.01295,0.01262,0.01268,4106420.0
1748131200000,1748131200000,0.01268,0.01274,0.01243,0.01257,5186020.0
1748152800000,1748152800000,0.01257,0.01259,0.01218,0.01234,11710090.0
1748174400000,1748174400000,0.01234,0.01244,0.01207,0.01226,8583700.0
1748196000000,1748196000000,0.01226,0.01262,0.01218,0.01259,2124490.0
1748217600000,1748217600000,0.01259,0.01269,0.01254,0.01269,1606190.0
1748239200000,1748239200000,0.01269,0.01285,0.01265,0.01268,8373880.0
1748260800000,1748260800000,0.01268,0.01272,0.01233,0.01237,4856420.0
1748282400000,1748282400000,0.01237,0.01261,0.01234,0.01255,2912680.0
1748304000000,1748304000000,0.01255,0.01263,0.01225,0.01261,8037740.0
1748325600000,1748325600000,0.01261,0.01291,0.01261,0.01286,7478450.0
1748347200000,1748347200000,0.01286,0.01305,0.01268,0.01291,9863570.0
1748368800000,1748368800000,0.01291,0.013,0.01282,0.01292,3782350.0
1748390400000,1748390400000,0.01292,0.01303,0.01283,0.01297,4735490.0
1748412000000,1748412000000,0.01297,0.01312,0.01274,0.01311,4917880.0
1748433600000,1748433600000,0.01311,0.01358,0.01275,0.01333,59267210.0
1748455200000,1748455200000,0.01333,0.01334,0.01283,0.01316,16444640.0
1748476800000,1748476800000,0.01316,0.01326,0.0128,0.01294,12445990.0
1748498400000,1748498400000,0.01294,0.01306,0.01288,0.01302,10597640.0
1748520000000,1748520000000,0.01302,0.01302,0.01264,0.01281,8948800.0
1748541600000,1748541600000,0.01281,0.01286,0.01256,0.01264,10337410.0
1748563200000,1748563200000,0.01264,0.01273,0.0117,0.01218,37873140.0
1748584800000,1748584800000,0.01218,0.0122,0.01187,0.01207,10067960.0
1748606400000,1748606400000,0.01207,0.01216,0.01159,0.01173,13863070.0
1748628000000,1748628000000,0.01173,0.01193,0.01104,0.01125,13552700.0
1748649600000,1748649600000,0.01125,0.01136,0.01088,0.01127,16176750.0
1748671200000,1748671200000,0.01127,0.0114,0.01112,0.01116,12372300.0
1748692800000,1748692800000,0.01116,0.01155,0.01116,0.01145,7847110.0
1748714400000,1748714400000,0.01145,0.01168,0.01145,0.01159,3632310.0
1748736000000,1748736000000,0.01159,0.01171,0.01136,0.01171,4517720.0
1748757600000,1748757600000,0.01171,0.01175,0.01141,0.01159,5372700.0
1748779200000,1748779200000,0.01159,0.01191,0.01153,0.01177,13960060.0
1748800800000,1748800800000,0.01177,0.01181,0.01156,0.01176,5111030.0
1748822400000,1748822400000,0.01176,0.01184,0.01154,0.01158,3019900.0
1748844000000,1748844000000,0.01158,0.01176,0.01153,0.0116,5994900.0
1748865600000,1748865600000,0.0116,0.01188,0.01158,0.0118,6892830.0
1748887200000,1748887200000,0.0118,0.01207,0.0117,0.012,6723010.0
1748908800000,1748908800000,0.012,0.01214,0.01186,0.01202,10505310.0
1748930400000,1748930400000,0.01202,0.01208,0.01191,0.01207,2789100.0
1748952000000,1748952000000,0.01207,0.01223,0.01203,0.01214,10286370.0
1748973600000,1748973600000,0.01214,0.0122,0.01186,0.01194,9010470.0
1748995200000,1748995200000,0.01194,0.01207,0.01191,0.012,6355840.0
1749016800000,1749016800000,0.012,0.01202,0.01188,0.0119,7003780.0
1749038400000,1749038400000,0.0119,0.01201,0.01174,0.01188,8962300.0
1749060000000,1749060000000,0.01188,0.01191,0.0116,0.01166,9738670.0
1749081600000,1749081600000,0.01166,0.01182,0.01164,0.01168,6524270.0
1749103200000,1749103200000,0.01168,0.01187,0.01164,0.01173,4696720.0
1749124800000,1749124800000,0.01173,0.01192,0.01152,0.01158,9272810.0
1749146400000,1749146400000,0.01158,0.01159,0.01077,0.0111,23867500.0
1749168000000,1749168000000,0.0111,0.01139,0.01099,0.01138,4987000.0
1749189600000,1749189600000,0.01138,0.01146,0.01135,0.01141,3519760.0
1749211200000,1749211200000,0.01141,0.01173,0.01141,0.0115,9306130.0
1749232800000,1749232800000,0.0115,0.01157,0.01139,0.01149,6055770.0
1749254400000,1749254400000,0.01149,0.0118,0.01146,0.01179,2471650.0
1749276000000,1749276000000,0.01179,0.01199,0.01178,0.01187,6793450.0
1749297600000,1749297600000,0.01187,0.01191,0.01169,0.0117,2282100.0
1749319200000,1749319200000,0.0117,0.01186,0.0117,0.01178,1271680.0
1749340800000,1749340800000,0.01178,0.01183,0.01172,0.01175,987110.0
1749362400000,1749362400000,0.01175,0.01188,0.01171,0.01188,3184820.0
1749384000000,1749384000000,0.01188,0.01201,0.01179,0.01194,4201760.0
1749405600000,1749405600000,0.01194,0.01199,0.01182,0.01188,4820310.0
1749427200000,1749427200000,0.01188,0.01192,0.01176,0.01179,3190000.0
1749448800000,1749448800000,0.01179,0.01206,0.0117,0.01203,7788850.0
1749470400000,1749470400000,0.01203,0.0122,0.01196,0.01199,12781320.0
1749492000000,1749492000000,0.01199,0.01244,0.01186,0.01239,12147350.0
1749513600000,1749513600000,0.01239,0.01248,0.01219,0.01223,5448140.0
1749535200000,1749535200000,0.01223,0.01256,0.01221,0.01255,6446950.0
1749556800000,1749556800000,0.01255,0.01268,0.01227,0.01239,10523180.0
1749578400000,1749578400000,0.01239,0.01264,0.01238,0.01261,3409210.0
1749600000000,1749600000000,0.01261,0.01261,0.01238,0.01248,4143650.0
1749621600000,1749621600000,0.01248,0.01257,0.01223,0.0123,9435980.0
1749643200000,1749643200000,0.0123,0.01261,0.01227,0.01242,12423360.0
1749664800000,1749664800000,0.01242,0.01245,0.01205,0.01219,7212140.0
1749686400000,1749686400000,0.01219,0.01219,0.01195,0.01206,4968240.0
1749708000000,1749708000000,0.01206,0.01206,0.0117,0.01173,5212200.0
1749729600000,1749729600000,0.01173,0.01198,0.01167,0.0119,6557050.0
1749751200000,1749751200000,0.0119,0.01193,0.01141,0.01145,7551830.0
1749772800000,1749772800000,0.01145,0.01145,0.0109,0.01125,25952200.0
1749794400000,1749794400000,0.01125,0.01126,0.01101,0.0112,14900490.0
1749816000000,1749816000000,0.0112,0.01161,0.01111,0.01161,6225330.0
1749837600000,1749837600000,0.01161,0.01265,0.01141,0.01254,63266560.0
1749859200000,1749859200000,0.01254,0.0151,0.01227,0.01279,534914010.0
1749880800000,1749880800000,0.01279,0.01362,0.01277,0.01305,500103940.0
1749902400000,1749902400000,0.01305,0.01328,0.0121,0.0124,191858830.0
1749924000000,1749924000000,0.0124,0.01242,0.01182,0.01224,48010570.0
1749945600000,1749945600000,0.01224,0.01259,0.01222,0.01241,24466590.0
1749967200000,1749967200000,0.01241,0.0129,0.01234,0.01263,22747830.0
1749988800000,1749988800000,0.01263,0.0134,0.01261,0.01333,79694340.0
1750010400000,1750010400000,0.01333,0.01346,0.01279,0.01323,41014340.0
1750032000000,1750032000000,0.01323,0.01408,0.0132,0.01368,88910030.0
1750053600000,1750053600000,0.01368,0.0137,0.01285,0.01301,40046870.0
1750075200000,1750075200000,0.01301,0.01306,0.01286,0.01293,15973490.0
1750096800000,1750096800000,0.01293,0.01328,0.01278,0.01316,25760000.0
1750118400000,1750118400000,0.01316,0.01345,0.01268,0.01301,32551940.0
1750140000000,1750140000000,0.01301,0.01301,0.01248,0.01257,16934000.0
1750161600000,1750161600000,0.01257,0.01265,0.012,0.0121,24964160.0
1750183200000,1750183200000,0.0121,0.01232,0.01201,0.01226,15818710.0
1750204800000,1750204800000,0.01226,0.01235,0.01207,0.01225,11073580.0
1750226400000,1750226400000,0.01225,0.01229,0.01171,0.01191,22173840.0
1750248000000,1750248000000,0.01191,0.01208,0.01159,0.01203,26550430.0
1750269600000,1750269600000,0.01203,0.01211,0.01179,0.01195,14612650.0
1750291200000,1750291200000,0.01195,0.01215,0.0119,0.012,6120000.0
1750312800000,1750312800000,0.012,0.01201,0.01183,0.0119,6585920.0
1750334400000,1750334400000,0.0119,0.01196,0.01166,0.01179,14023190.0
1750356000000,1750356000000,0.01179,0.01185,0.0117,0.01182,9758980.0
1750377600000,1750377600000,0.01182,0.0119,0.01164,0.01177,5281080.0
1750399200000,1750399200000,0.01177,0.01205,0.01176,0.012,10230600.0
1750420800000,1750420800000,0.012,0.01211,0.01133,0.01166,20607350.0
1750442400000,1750442400000,0.01166,0.01229,0.01161,0.01227,24155140.0
1750464000000,1750464000000,0.01227,0.01275,0.01222,0.01262,41592760.0
1750485600000,1750485600000,0.01262,0.01311,0.01254,0.0129,59198170.0
1750507200000,1750507200000,0.0129,0.01297,0.01243,0.01249,61311080.0
1750528800000,1750528800000,0.01249,0.01259,0.01174,0.01239,55222700.0
1750550400000,1750550400000,0.01239,0.01266,0.01213,0.01223,21173110.0
1750572000000,1750572000000,0.01223,0.0126,0.01202,0.01213,18339940.0
1750593600000,1750593600000,0.01213,0.01235,0.01109,0.01162,101019120.0
1750615200000,1750615200000,0.01162,0.01167,0.01122,0.01146,52096490.0
1750636800000,1750636800000,0.01146,0.01194,0.0113,0.01169,46534650.0
1750658400000,1750658400000,0.01169,0.01173,0.0114,0.0116,22721780.0
1750680000000,1750680000000,0.0116,0.01193,0.01124,0.01176,48386910.0
1750701600000,1750701600000,0.01176,0.01233,0.01176,0.01223,35703750.0
1750723200000,1750723200000,0.01223,0.01255,0.01218,0.01241,31064120.0
1750744800000,1750744800000,0.01241,0.01246,0.01204,0.01206,21966460.0
1750766400000,1750766400000,0.01206,0.01233,0.01205,0.01213,18372360.0
1750788000000,1750788000000,0.01213,0.01227,0.01201,0.01227,10031610.0
1750809600000,1750809600000,0.01227,0.01234,0.01212,0.01216,8515360.0
1750831200000,1750831200000,0.01216,0.0123,0.01199,0.01215,14955190.0
1750852800000,1750852800000,0.01215,0.01231,0.01191,0.012,12232470.0
1750874400000,1750874400000,0.012,0.01217,0.01188,0.01195,8049540.0
1750896000000,1750896000000,0.01195,0.01221,0.01193,0.01202,8841420.0
1750917600000,1750917600000,0.01202,0.0125,0.01202,0.01226,33301750.0
1750939200000,1750939200000,0.01226,0.01254,0.01223,0.01231,38384570.0
1750960800000,1750960800000,0.01231,0.0125,0.01214,0.01217,17150820.0
1750982400000,1750982400000,0.01217,0.01236,0.01192,0.0122,17828520.0
1751004000000,1751004000000,0.0122,0.0123,0.01213,0.01221,8944200.0
1751025600000,1751025600000,0.01221,0.01251,0.01215,0.01231,12816120.0
1751047200000,1751047200000,0.01231,0.01262,0.01223,0.01259,9270110.0
1751068800000,1751068800000,0.01259,0.01273,0.01246,0.01249,10909680.0
1751090400000,1751090400000,0.01249,0.01266,0.01241,0.01245,16343640.0
1751112000000,1751112000000,0.01245,0.01263,0.01244,0.01255,8697870.0
1751133600000,1751133600000,0.01255,0.0126,0.01251,0.01257,2785640.0
1751155200000,1751155200000,0.01257,0.01289,0.0125,0.01263,26493840.0
1751176800000,1751176800000,0.01263,0.01273,0.01259,0.01265,8234040.0
1751198400000,1751198400000,0.01265,0.01266,0.01243,0.01252,9592010.0
1751220000000,1751220000000,0.01252,0.01291,0.01244,0.01286,13320150.0
1751241600000,1751241600000,0.01286,0.01288,0.01266,0.01279,15223990.0
1751263200000,1751263200000,0.01279,0.01279,0.01246,0.01252,13048890.0
1751284800000,1751284800000,0.01252,0.01261,0.0124,0.01252,5947640.0
1751306400000,1751306400000,0.01252,0.01268,0.01232,0.0125,34938360.0
1751328000000,1751328000000,0.0125,0.01293,0.01249,0.01259,29605320.0
1751349600000,1751349600000,0.01259,0.01285,0.01251,0.0127,14277340.0
1751371200000,1751371200000,0.0127,0.01271,0.01242,0.01254,12092720.0
1751392800000,1751392800000,0.01254,0.01254,0.01224,0.01231,16158410.0
1751414400000,1751414400000,0.01231,0.01262,0.01223,0.0126,18532120.0
1751436000000,1751436000000,0.0126,0.01275,0.0126,0.01267,17052920.0
1751457600000,1751457600000,0.01267,0.01313,0.01261,0.01296,18497930.0
1751479200000,1751479200000,0.01296,0.01322,0.01296,0.0131,13065250.0
1751500800000,1751500800000,0.0131,0.01311,0.0126,0.01298,27852180.0
1751522400000,1751522400000,0.01298,0.01307,0.01286,0.01289,12033750.0
1751544000000,1751544000000,0.01289,0.01305,0.01266,0.01285,18232090.0
1751565600000,1751565600000,0.01285,0.01297,0.01281,0.01284,4756870.0
1751587200000,1751587200000,0.01284,0.01293,0.01267,0.01273,11955640.0
1751608800000,1751608800000,0.01273,0.01273,0.01242,0.01254,11505760.0
1751630400000,1751630400000,0.01254,0.01256,0.01229,0.01245,12294430.0
1751652000000,1751652000000,0.01245,0.01245,0.01229,0.01243,5686080.0
1751673600000,1751673600000,0.01243,0.01252,0.01235,0.01237,3682430.0
1751695200000,1751695200000,0.01237,0.01251,0.01234,0.01237,5927050.0
1751716800000,1751716800000,0.01237,0.01241,0.01224,0.01231,10439770.0
1751738400000,1751738400000,0.01231,0.01242,0.01221,0.01237,3568040.0
1751760000000,1751760000000,0.01237,0.01244,0.01233,0.01236,4253100.0
1751781600000,1751781600000,0.01236,0.01261,0.01231,0.01246,13147630.0
1751803200000,1751803200000,0.01246,0.01276,0.01245,0.01267,7002380.0
1751824800000,1751824800000,0.01267,0.01275,0.01253,0.01255,11545120.0
1751846400000,1751846400000,0.01255,0.01282,0.01253,0.01277,6035020.0
1751868000000,1751868000000,0.01277,0.0128,0.0126,0.01261,5442900.0
1751889600000,1751889600000,0.01261,0.01264,0.01244,0.01249,10537540.0
1751911200000,1751911200000,0.01249,0.01257,0.0124,0.01254,6411740.0
1751932800000,1751932800000,0.01254,0.01259,0.01243,0.01252,6088430.0
1751954400000,1751954400000,0.01252,0.01261,0.01249,0.01259,2460160.0
1751976000000,1751976000000,0.01259,0.01288,0.01258,0.01276,15939490.0
1751997600000,1751997600000,0.01276,0.01279,0.01265,0.01276,4768740.0
1752019200000,1752019200000,0.01276,0.01279,0.01267,0.01276,8509150.0
1752040800000,1752040800000,0.01276,0.01279,0.01271,0.01278,2614550.0
1752062400000,1752062400000,0.01278,0.01284,0.01263,0.01268,7020820.0
1752084000000,1752084000000,0.01268,0.013,0.01267,0.01296,12887790.0
1752105600000,1752105600000,0.01296,0.01305,0.0129,0.01303,4141260.0
1752127200000,1752127200000,0.01303,0.01315,0.013,0.01312,10298900.0
1752148800000,1752148800000,0.01312,0.01325,0.01295,0.01324,18719770.0
1752170400000,1752170400000,0.01324,0.01371,0.01316,0.01361,11229570.0
1752192000000,1752192000000,0.01361,0.01414,0.01346,0.01404,21651460.0
1752213600000,1752213600000,0.01404,0.01454,0.01364,0.01397,33424470.0
1752235200000,1752235200000,0.01397,0.01418,0.01358,0.01381,19206850.0
1752256800000,1752256800000,0.01381,0.01391,0.01326,0.01344,11031540.0
1752278400000,1752278400000,0.01344,0.01364,0.01315,0.01338,8394780.0
1752300000000,1752300000000,0.01338,0.01398,0.01337,0.01374,8799930.0
1752321600000,1752321600000,0.01374,0.01391,0.01326,0.01357,18044600.0
1752343200000,1752343200000,0.01357,0.01365,0.01338,0.0136,4545560.0
1752364800000,1752364800000,0.0136,0.0141,0.01359,0.01374,6998950.0
1752386400000,1752386400000,0.01374,0.01378,0.01348,0.01372,4700630.0
1752408000000,1752408000000,0.01372,0.01397,0.01361,0.0138,9445860.0
1752429600000,1752429600000,0.0138,0.0139,0.01347,0.01366,4791440.0
1752451200000,1752451200000,0.01366,0.01411,0.01359,0.01396,6425560.0
1752472800000,1752472800000,0.01396,0.01426,0.01374,0.01399,15717510.0
1752494400000,1752494400000,0.01399,0.01415,0.01344,0.01382,13629460.0
1752516000000,1752516000000,0.01382,0.01432,0.0135,0.01428,12728110.0
1752537600000,1752537600000,0.01428,0.01463,0.01357,0.01384,40411520.0
1752559200000,1752559200000,0.01384,0.01444,0.0138,0.01408,38254060.0
1752580800000,1752580800000,0.01408,0.01409,0.01359,0.01399,16210060.0
1752602400000,1752602400000,0.01399,0.01414,0.01369,0.01413,6198580.0
1752624000000,1752624000000,0.01413,0.01414,0.01382,0.01401,5885670.0
1752645600000,1752645600000,0.01401,0.01428,0.01397,0.01404,15609530.0
1752667200000,1752667200000,0.01404,0.01416,0.01387,0.01414,12425840.0
1752688800000,1752688800000,0.01414,0.01439,0.01398,0.01413,14114570.0
1752710400000,1752710400000,0.01413,0.01429,0.01383,0.01405,9687760.0
1752732000000,1752732000000,0.01405,0.01434,0.01399,0.01417,14560890.0
1752753600000,1752753600000,0.01417,0.01423,0.01376,0.01411,25489450.0
1752775200000,1752775200000,0.01411,0.0142,0.01375,0.0141,9129170.0
1752796800000,1752796800000,0.0141,0.01463,0.01397,0.01463,11650250.0
1752818400000,1752818400000,0.01463,0.01495,0.01425,0.01463,45651520.0
1752840000000,1752840000000,0.01463,0.01865,0.01463,0.0157,450357010.0
1752861600000,1752861600000,0.0157,0.01753,0.01557,0.01624,186861040.0
1752883200000,1752883200000,0.01624,0.01671,0.01569,0.01634,72446330.0
1752904800000,1752904800000,0.01634,0.01644,0.01531,0.01542,63905540.0
1752926400000,1752926400000,0.01542,0.016,0.01506,0.01561,48507880.0
1752948000000,1752948000000,0.01561,0.01573,0.01537,0.01545,21597520.0
1752969600000,1752969600000,0.01545,0.01584,0.01521,0.01579,17467770.0
1752991200000,1752991200000,0.01579,0.01595,0.01562,0.01578,18310810.0
1753012800000,1753012800000,0.01578,0.01612,0.0157,0.01573,24758970.0
1753034400000,1753034400000,0.01573,0.01688,0.0157,0.01632,23529050.0
1753056000000,1753056000000,0.01632,0.01648,0.01597,0.01627,14984390.0
1753077600000,1753077600000,0.01627,0.01655,0.01619,0.01631,14614800.0
1753099200000,1753099200000,0.01631,0.01825,0.01622,0.01771,108092430.0
1753120800000,1753120800000,0.01771,0.01802,0.01667,0.0168,45434940.0
1753142400000,1753142400000,0.0168,0.01693,0.01587,0.01599,22032420.0
1753164000000,1753164000000,0.01599,0.01678,0.01582,0.01662,29365790.0
1753185600000,1753185600000,0.01662,0.0176,0.01639,0.01706,46087530.0
1753207200000,1753207200000,0.01706,0.01714,0.01657,0.01667,24608970.0
1753228800000,1753228800000,0.01667,0.01709,0.01643,0.01687,17923620.0
1753250400000,1753250400000,0.01687,0.01692,0.01592,0.01633,34155550.0
1753272000000,1753272000000,0.01633,0.01633,0.01533,0.01547,42868040.0
1753293600000,1753293600000,0.01547,0.01558,0.01384,0.01457,70369260.0
1753315200000,1753315200000,0.01457,0.01479,0.01392,0.01397,25979260.0
1753336800000,1753336800000,0.01397,0.01443,0.01363,0.01442,28011880.0
1753358400000,1753358400000,0.01442,0.01464,0.01404,0.0143,16463730.0
1753380000000,1753380000000,0.0143,0.01448,0.01412,0.01416,4587210.0
1753401600000,1753401600000,0.01416,0.01431,0.01381,0.01389,20109010.0
1753423200000,1753423200000,0.01389,0.01433,0.01377,0.01426,16196660.0
1753444800000,1753444800000,0.01426,0.01432,0.01385,0.01415,14056620.0
1753466400000,1753466400000,0.01415,0.01452,0.01415,0.01448,8964670.0
1753488000000,1753488000000,0.01448,0.01459,0.01437,0.01455,10779220.0
1753509600000,1753509600000,0.01455,0.01457,0.0144,0.01448,6975060.0
1753531200000,1753531200000,0.01448,0.01452,0.01434,0.0144,2903740.0
1753552800000,1753552800000,0.0144,0.01454,0.01428,0.01435,5095790.0
1753574400000,1753574400000,0.01435,0.01452,0.01426,0.01444,4807950.0
1753596000000,1753596000000,0.01444,0.01463,0.01428,0.01453,6383140.0
1753617600000,1753617600000,0.01453,0.01478,0.01446,0.01465,10683750.0
1753639200000,1753639200000,0.01465,0.01479,0.01458,0.01469,4459130.0
1753660800000,1753660800000,0.01469,0.01502,0.01448,0.01487,10871980.0
1753682400000,1753682400000,0.01487,0.01495,0.01454,0.01465,12607560.0
1753704000000,1753704000000,0.01465,0.01469,0.014,0.0142,19058110.0
1753725600000,1753725600000,0.0142,0.0142,0.01359,0.01377,15910130.0
1753747200000,1753747200000,0.01377,0.01397,0.01356,0.01397,13613190.0
1753768800000,1753768800000,0.01397,0.01417,0.01373,0.01384,11341410.0
1753790400000,1753790400000,0.01384,0.01398,0.0132,0.01346,41455830.0
1753812000000,1753812000000,0.01346,0.01356,0.01308,0.01349,16531340.0
1753833600000,1753833600000,0.01349,0.01366,0.01327,0.01364,7122510.0
1753855200000,1753855200000,0.01364,0.01374,0.01318,0.01328,10775370.0
1753876800000,1753876800000,0.01328,0.01361,0.01311,0.01355,9747390.0
1753898400000,1753898400000,0.01355,0.01361,0.01262,0.01338,25443490.0
1753920000000,1753920000000,0.01338,0.01394,0.01336,0.01367,45366600.0
1753941600000,1753941600000,0.01367,0.01373,0.01349,0.01352,14844700.0
1753963200000,1753963200000,0.01352,0.01356,0.01305,0.01333,12409580.0
1753984800000,1753984800000,0.01333,0.01341,0.01285,0.01289,7365360.0
1754006400000,1754006400000,0.01289,0.01305,0.01242,0.01272,58446920.0
1754028000000,1754028000000,0.01272,0.01277,0.01239,0.01271,11584130.0
1754049600000,1754049600000,0.01271,0.01319,0.01262,0.01275,34087090.0
1754071200000,1754071200000,0.01275,0.01371,0.01268,0.0134,18846280.0
1754092800000,1754092800000,0.0134,0.01362,0.01309,0.01344,10936270.0
1754114400000,1754114400000,0.01344,0.01369,0.0128,0.01282,54833350.0
1754136000000,1754136000000,0.01282,0.01297,0.01249,0.01252,10159780.0
1754157600000,1754157600000,0.01252,0.01286,0.01234,0.01262,29143150.0
1754179200000,1754179200000,0.01262,0.01615,0.01251,0.01315,420752220.0
1754200800000,1754200800000,0.01315,0.0134,0.01291,0.01323,46443440.0
1754222400000,1754222400000,0.01323,0.01368,0.01314,0.01341,45307410.0
1754244000000,1754244000000,0.01341,0.01351,0.01315,0.0132,15958210.0
1754265600000,1754265600000,0.0132,0.01338,0.01311,0.01324,16943620.0
1754287200000,1754287200000,0.01324,0.01338,0.01312,0.01327,18738260.0
1754308800000,1754308800000,0.01327,0.01352,0.01321,0.01343,34480780.0
1754330400000,1754330400000,0.01343,0.01362,0.01336,0.01356,11743940.0
1754352000000,1754352000000,0.01356,0.01363,0.01326,0.01341,13156140.0
1754373600000,1754373600000,0.01341,0.01348,0.01308,0.01344,14574590.0
1754395200000,1754395200000,0.01344,0.01345,0.01266,0.01281,38240860.0
1754416800000,1754416800000,0.01281,0.01288,0.01258,0.01284,11116450.0
1754438400000,1754438400000,0.01284,0.01298,0.01266,0.0129,8903160.0
1754460000000,1754460000000,0.0129,0.013,0.01285,0.01288,14956090.0
1754481600000,1754481600000,0.01288,0.01311,0.01268,0.01308,20153810.0
1754503200000,1754503200000,0.01308,0.01308,0.01295,0.01305,3370270.0
1754524800000,1754524800000,0.01305,0.0131,0.01296,0.01307,3569250.0
1754546400000,1754546400000,0.01307,0.01339,0.01307,0.01338,11937440.0
1754568000000,1754568000000,0.01338,0.01348,0.01316,0.01338,8764810.0
1754589600000,1754589600000,0.01338,0.01377,0.01329,0.01377,30581370.0
1754611200000,1754611200000,0.01377,0.01378,0.01351,0.01357,6088700.0
1754632800000,1754632800000,0.01357,0.0138,0.01353,0.01379,5787450.0
1754654400000,1754654400000,0.01379,0.01383,0.01355,0.01383,15172840.0
1754676000000,1754676000000,0.01383,0.01391,0.0138,0.01386,3618410.0
1754697600000,1754697600000,0.01386,0.01407,0.01375,0.01406,7541160.0
1754719200000,1754719200000,0.01406,0.01435,0.01393,0.01416,16225260.0
1754740800000,1754740800000,0.01416,0.01487,0.014,0.0148,50546880.0
1754762400000,1754762400000,0.0148,0.01486,0.01435,0.01443,16012770.0
1754784000000,1754784000000,0.01443,0.01451,0.01419,0.01433,14563640.0
1754805600000,1754805600000,0.01433,0.01434,0.0136,0.01381,35867070.0
1754827200000,1754827200000,0.01381,0.01407,0.01378,0.01402,9406780.0
1754848800000,1754848800000,0.01402,0.01414,0.01385,0.01411,5977190.0
1754870400000,1754870400000,0.01411,0.01446,0.01405,0.01428,26003030.0
1754892000000,1754892000000,0.01428,0.01432,0.0136,0.01368,33409600.0
1754913600000,1754913600000,0.01368,0.01463,0.0136,0.01402,86538980.0
1754935200000,1754935200000,0.01402,0.0148,0.01356,0.01376,84203590.0
1754956800000,1754956800000,0.01376,0.01467,0.01375,0.01422,57887220.0
1754978400000,1754978400000,0.01422,0.01446,0.01382,0.01427,53372890.0
1755000000000,1755000000000,0.01427,0.01508,0.01425,0.01446,144086940.0
1755021600000,1755021600000,0.01446,0.01471,0.01444,0.01449,13795900.0
1755043200000,1755043200000,0.01449,0.0146,0.01406,0.01418,23481700.0
1755064800000,1755064800000,0.01418,0.01449,0.01405,0.0144,16340510.0
1755086400000,1755086400000,0.0144,0.01461,0.01427,0.01452,23570990.0
1755108000000,1755108000000,0.01452,0.01454,0.01433,0.01446,5979020.0
1755129600000,1755129600000,0.01446,0.01468,0.0143,0.01436,9926700.0
1755151200000,1755151200000,0.01436,0.01439,0.01403,0.01426,11164230.0
1755172800000,1755172800000,0.01426,0.01434,0.0127,0.01327,97334290.0
1755194400000,1755194400000,0.01327,0.01341,0.01293,0.01325,7102060.0
1755216000000,1755216000000,0.01325,0.01341,0.01318,0.01332,9834650.0
1755237600000,1755237600000,0.01332,0.01351,0.01322,0.01329,9023230.0
1755259200000,1755259200000,0.01329,0.01349,0.01287,0.01322,15522530.0
1755280800000,1755280800000,0.01322,0.01334,0.01306,0.01323,4671400.0
1755302400000,1755302400000,0.01323,0.01336,0.01323,0.0133,3468160.0
1755324000000,1755324000000,0.0133,0.01407,0.0133,0.01371,36416340.0
1755345600000,1755345600000,0.01371,0.01394,0.01366,0.01383,9630660.0
1755367200000,1755367200000,0.01383,0.01384,0.01372,0.01375,5260600.0
1755388800000,1755388800000,0.01375,0.01378,0.01363,0.01378,4747330.0
1755410400000,1755410400000,0.01378,0.0139,0.01373,0.01385,5178510.0
1755432000000,1755432000000,0.01385,0.01401,0.01377,0.0138,6296090.0
1755453600000,1755453600000,0.0138,0.01384,0.01364,0.01375,9620970.0
1755475200000,1755475200000,0.01375,0.01376,0.01309,0.01336,31629750.0
1755496800000,1755496800000,0.01336,0.01337,0.01316,0.01325,9476970.0
1755518400000,1755518400000,0.01325,0.01363,0.01314,0.01343,26195930.0
1755540000000,1755540000000,0.01343,0.01353,0.01335,0.01336,4487410.0
1755561600000,1755561600000,0.01336,0.01352,0.01304,0.01332,15801800.0
1755583200000,1755583200000,0.01332,0.01431,0.01319,0.01394,42619110.0
1755604800000,1755604800000,0.01394,0.01397,0.0134,0.01357,27804000.0
1755626400000,1755626400000,0.01357,0.01362,0.01314,0.01317,36089040.0
1755648000000,1755648000000,0.01317,0.01344,0.01302,0.01342,7059140.0
1755669600000,1755669600000,0.01342,0.01357,0.01335,0.01349,7823110.0
1755691200000,1755691200000,0.01349,0.01369,0.01313,0.01364,22150310.0
1755712800000,1755712800000,0.01364,0.01376,0.01349,0.0137,6212710.0
1755734400000,1755734400000,0.0137,0.01385,0.01364,0.01373,5711900.0
1755756000000,1755756000000,0.01373,0.01375,0.01345,0.0135,5431620.0
1755777600000,1755777600000,0.0135,0.01362,0.01333,0.01344,14972630.0
1755799200000,1755799200000,0.01344,0.01355,0.01338,0.01343,3501380.0
1755820800000,1755820800000,0.01343,0.01361,0.01338,0.01355,6020650.0
1755842400000,1755842400000,0.01355,0.01357,0.01336,0.01337,4841530.0
1755864000000,1755864000000,0.01337,0.01416,0.01312,0.01411,68424530.0
1755885600000,1755885600000,0.01411,0.01448,0.0141,0.01433,19133860.0
1755907200000,1755907200000,0.01433,0.01441,0.01397,0.01427,21988200.0
1755928800000,1755928800000,0.01427,0.01432,0.01401,0.01405,11467530.0
1755950400000,1755950400000,0.01405,0.01549,0.01405,0.01431,123310450.0
1755972000000,1755972000000,0.01431,0.0145,0.01422,0.01429,29022740.0
1755993600000,1755993600000,0.01429,0.01434,0.01413,0.01418,8611880.0
1756015200000,1756015200000,0.01418,0.01419,0.01395,0.01404,15489600.0
1756036800000,1756036800000,0.01404,0.01458,0.01399,0.01437,45044410.0
1756058400000,1756058400000,0.01437,0.01448,0.0138,0.01392,36871960.0
1756080000000,1756080000000,0.01392,0.01409,0.01375,0.01383,15803730.0
1756101600000,1756101600000,0.01383,0.01387,0.0133,0.01357,28650550.0
1756123200000,1756123200000,0.01357,0.01367,0.01346,0.01354,10272260.0
1756144800000,1756144800000,0.01354,0.01358,0.0129,0.01318,36996010.0
1756166400000,1756166400000,0.01318,0.0133,0.01308,0.01325,5707120.0
1756188000000,1756188000000,0.01325,0.01332,0.01313,0.01319,5845920.0
1756209600000,1756209600000,0.01319,0.01334,0.0131,0.01325,7341720.0
1756231200000,1756231200000,0.01325,0.01344,0.01319,0.01336,4698120.0
1756252800000,1756252800000,0.01336,0.01346,0.01324,0.01336,6717700.0
1756274400000,1756274400000,0.01336,0.01339,0.0132,0.01335,5015380.0
1756296000000,1756296000000,0.01335,0.01354,0.01331,0.01353,4592460.0
1756317600000,1756317600000,0.01353,0.01354,0.01331,0.01335,5152060.0
1756339200000,1756339200000,0.01335,0.0135,0.01333,0.01349,2349830.0
1756360800000,1756360800000,0.01349,0.01362,0.0134,0.01358,9941680.0
1756382400000,1756382400000,0.01358,0.01378,0.01347,0.01358,7714420.0
1756404000000,1756404000000,0.01358,0.01369,0.01347,0.01359,3984390.0
1756425600000,1756425600000,0.01359,0.01362,0.01344,0.01356,4520320.0
1756447200000,1756447200000,0.01356,0.01356,0.01308,0.01329,10630300.0
1756468800000,1756468800000,0.01329,0.01345,0.01304,0.01307,13410520.0
1756490400000,1756490400000,0.01307,0.01319,0.01296,0.01315,3750900.0
1756512000000,1756512000000,0.01315,0.01322,0.01296,0.01318,3646510.0
1756533600000,1756533600000,0.01318,0.01324,0.01315,0.0132,2550920.0
1756555200000,1756555200000,0.0132,0.01321,0.013,0.01315,8772720.0
1756576800000,1756576800000,0.01315,0.01321,0.01312,0.0132,1749970.0
1756598400000,1756598400000,0.0132,0.01333,0.01319,0.01323,3372530.0
1756620000000,1756620000000,0.01323,0.01337,0.01321,0.01329,6989440.0
1756641600000,1756641600000,0.01329,0.01331,0.01314,0.01318,3295130.0
1756663200000,1756663200000,0.01318,0.01325,0.01307,0.01307,2546500.0
1756684800000,1756684800000,0.01307,0.01314,0.01283,0.01295,8863290.0
1756706400000,1756706400000,0.01295,0.01332,0.01287,0.01307,11065130.0
1756728000000,1756728000000,0.01307,0.01312,0.01287,0.01291,4306380.0
1756749600000,1756749600000,0.01291,0.01298,0.01267,0.01291,6785370.0
1756771200000,1756771200000,0.01291,0.0132,0.01286,0.01317,4631860.0
1756792800000,1756792800000,0.01317,0.01332,0.01307,0.01317,5235710.0
1756814400000,1756814400000,0.01317,0.01331,0.01298,0.0132,5556980.0
1756836000000,1756836000000,0.0132,0.01326,0.0131,0.01322,2239020.0
1756857600000,1756857600000,0.01322,0.01325,0.01311,0.01311,2406150.0
1756879200000,1756879200000,0.01311,0.01321,0.01307,0.01316,2427800.0
1756900800000,1756900800000,0.01316,0.01339,0.01312,0.01338,3686360.0
1756922400000,1756922400000,0.01338,0.01341,0.01329,0.01329,2239350.0
1756944000000,1756944000000,0.01329,0.0134,0.01308,0.01312,2182720.0
1756965600000,1756965600000,0.01312,0.01325,0.01311,0.01318,2386730.0
1756987200000,1756987200000,0.01318,0.01322,0.01294,0.01301,7549870.0
1757008800000,1757008800000,0.01301,0.01317,0.01292,0.01311,2202830.0
1757030400000,1757030400000,0.01311,0.01328,0.0131,0.01328,1927480.0
1757052000000,1757052000000,0.01328,0.01333,0.0132,0.01329,3681950.0
1757073600000,1757073600000,0.01329,0.01338,0.01311,0.01316,7422830.0
1757095200000,1757095200000,0.01316,0.01326,0.01315,0.01322,1443960.0
1757116800000,1757116800000,0.01322,0.01325,0.01315,0.01316,843600.0
1757138400000,1757138400000,0.01316,0.0132,0.01312,0.01319,2407680.0
1757160000000,1757160000000,0.01319,0.01323,0.01314,0.01318,973400.0
1757181600000,1757181600000,0.01318,0.01354,0.01317,0.01336,7868360.0
1757203200000,1757203200000,0.01336,0.01346,0.01334,0.01344,3142590.0
1757224800000,1757224800000,0.01344,0.01345,0.01329,0.01336,1771560.0
1757246400000,1757246400000,0.01336,0.01339,0.01325,0.01325,1427790.0
1757268000000,1757268000000,0.01325,0.01333,0.01318,0.01329,2271800.0
1757289600000,1757289600000,0.01329,0.01343,0.01328,0.01334,3914160.0
1757311200000,1757311200000,0.01334,0.01346,0.01326,0.01339,5286860.0
1757332800000,1757332800000,0.01339,0.01351,0.01336,0.01338,3519170.0
1757354400000,1757354400000,0.01338,0.01345,0.01333,0.01335,5666830.0
1757376000000,1757376000000,0.01335,0.01348,0.01328,0.01343,4843630.0
1757397600000,1757397600000,0.01343,0.01382,0.01343,0.01375,10628560.0
1757419200000,1757419200000,0.01375,0.01386,0.01337,0.0134,13627650.0
1757440800000,1757440800000,0.0134,0.01354,0.01339,0.0135,2185630.0
1757462400000,1757462400000,0.0135,0.01384,0.01346,0.01371,2299070.0
1757484000000,1757484000000,0.01371,0.01378,0.01364,0.01368,2513780.0
1757505600000,1757505600000,0.01368,0.01384,0.01362,0.01366,12657110.0
1757527200000,1757527200000,0.01366,0.01374,0.01352,0.01372,3630920.0
1757548800000,1757548800000,0.01372,0.0138,0.01365,0.01368,4504210.0
1757570400000,1757570400000,0.01368,0.01374,0.01354,0.01357,5407210.0
1757592000000,1757592000000,0.01357,0.01364,0.0131,0.0136,23996860.0
1757613600000,1757613600000,0.0136,0.01369,0.01357,0.01369,3431880.0
1757635200000,1757635200000,0.01369,0.01377,0.01364,0.0137,5655760.0
1757656800000,1757656800000,0.0137,0.01372,0.01333,0.01333,24888230.0
1757678400000,1757678400000,0.01333,0.01355,0.01325,0.01353,5693330.0
1757700000000,1757700000000,0.01353,0.01366,0.01352,0.01362,6554270.0
1757721600000,1757721600000,0.01362,0.01379,0.01361,0.01373,6229300.0
1757743200000,1757743200000,0.01373,0.0142,0.01362,0.01395,22799620.0
1757764800000,1757764800000,0.01395,0.01395,0.01358,0.01376,20688300.0
1757786400000,1757786400000,0.01376,0.01384,0.0137,0.01384,3674560.0
1757808000000,1757808000000,0.01384,0.01384,0.01346,0.01369,5660530.0
1757829600000,1757829600000,0.01369,0.01371,0.01351,0.01352,4669720.0
1757851200000,1757851200000,0.01352,0.01358,0.0132,0.01334,16986660.0
1757872800000,1757872800000,0.01334,0.01335,0.01306,0.01311,6046280.0
1757894400000,1757894400000,0.01311,0.01327,0.01297,0.01325,5291960.0
1757916000000,1757916000000,0.01325,0.01325,0.01277,0.01286,17288430.0
1757937600000,1757937600000,0.01286,0.01293,0.01271,0.01283,13500600.0
1757959200000,1757959200000,0.01283,0.01296,0.01279,0.01292,4481810.0
1757980800000,1757980800000,0.01292,0.01293,0.01257,0.01275,14044820.0
1758002400000,1758002400000,0.01275,0.01304,0.01274,0.01284,34329200.0
1758024000000,1758024000000,0.01284,0.01299,0.01274,0.01292,9567390.0
1758045600000,1758045600000,0.01292,0.01298,0.01285,0.01294,4961420.0
1758067200000,1758067200000,0.01294,0.01306,0.01286,0.01293,7324050.0
1758088800000,1758088800000,0.01293,0.01298,0.01269,0.01284,5928530.0
1758110400000,1758110400000,0.01284,0.0129,0.01264,0.01271,7826870.0
1758132000000,1758132000000,0.01271,0.01308,0.0127,0.01302,9672630.0
1758153600000,1758153600000,0.01302,0.01317,0.01297,0.01311,4580390.0
1758175200000,1758175200000,0.01311,0.01327,0.013,0.01308,18518000.0
1758196800000,1758196800000,0.01308,0.01353,0.01299,0.0133,33411680.0
1758218400000,1758218400000,0.0133,0.01335,0.01292,0.01297,9378690.0
1758240000000,1758240000000,0.01297,0.01315,0.01283,0.01313,15221930.0
1758261600000,1758261600000,0.01313,0.01326,0.01288,0.01314,15146300.0
1758283200000,1758283200000,0.01314,0.01342,0.01289,0.01301,28227530.0
1758304800000,1758304800000,0.01301,0.01316,0.01292,0.01301,11991260.0
1758326400000,1758326400000,0.01301,0.01322,0.01298,0.01316,12364630.0
1758348000000,1758348000000,0.01316,0.01333,0.01304,0.01313,8768330.0
1758369600000,1758369600000,0.01313,0.01322,0.01306,0.01307,3385540.0
1758391200000,1758391200000,0.01307,0.0131,0.01295,0.01299,5026740.0
1758412800000,1758412800000,0.01299,0.01309,0.01294,0.01307,4800890.0
1758434400000,1758434400000,0.01307,0.01314,0.01286,0.01297,7633990.0
1758456000000,1758456000000,0.01297,0.01306,0.01292,0.01305,4624320.0
1758477600000,1758477600000,0.01305,0.01308,0.01295,0.01299,5338300.0
1758499200000,1758499200000,0.01299,0.01301,0.01191,0.01201,42372810.0
1758520800000,1758520800000,0.01201,0.01201,0.01059,0.01128,132039100.0
1758542400000,1758542400000,0.01128,0.01139,0.01077,0.01105,64412910.0
1758564000000,1758564000000,0.01105,0.01125,0.01085,0.01123,14217820.0
1758585600000,1758585600000,0.01123,0.01134,0.01085,0.0112,28877540.0
1758607200000,1758607200000,0.0112,0.01136,0.0112,0.01124,16808670.0
1758628800000,1758628800000,0.01124,0.01126,0.01099,0.01106,26816810.0
1758650400000,1758650400000,0.01106,0.01157,0.01072,0.01137,85467190.0
1758672000000,1758672000000,0.01137,0.01195,0.0113,0.01152,61557070.0
1758693600000,1758693600000,0.01152,0.01158,0.01119,0.01124,16705520.0
1758715200000,1758715200000,0.01124,0.0114,0.01122,0.01133,9383860.0
1758736800000,1758736800000,0.01133,0.01134,0.01116,0.01126,5276020.0
1758758400000,1758758400000,0.01126,0.01137,0.01103,0.01113,17580060.0
1758780000000,1758780000000,0.01113,0.01114,0.01059,0.01108,89085080.0
1758801600000,1758801600000,0.01108,0.01125,0.01049,0.01058,25591150.0
1758823200000,1758823200000,0.01058,0.01096,0.01052,0.01076,11886570.0
1758844800000,1758844800000,0.01076,0.01097,0.01072,0.01091,5083250.0
1758866400000,1758866400000,0.01091,0.01142,0.01085,0.01108,37921780.0
1758888000000,1758888000000,0.01108,0.01136,0.01088,0.01134,19485890.0
1758909600000,1758909600000,0.01134,0.01136,0.01105,0.01121,15411430.0
1758931200000,1758931200000,0.01121,0.01132,0.01109,0.0113,9081570.0
1758952800000,1758952800000,0.0113,0.0114,0.01114,0.01123,9094090.0
1758974400000,1758974400000,0.01123,0.01133,0.01115,0.01121,3427920.0
1758996000000,1758996000000,0.01121,0.01128,0.01119,0.01123,2843990.0
1759017600000,1759017600000,0.01123,0.01125,0.01095,0.01096,3593730.0
1759039200000,1759039200000,0.01096,0.01103,0.0109,0.01097,10620090.0
1759060800000,1759060800000,0.01097,0.0111,0.01091,0.01104,4589690.0
1759082400000,1759082400000,0.01104,0.01117,0.01101,0.01114,6575500.0
1759104000000,1759104000000,0.01114,0.01121,0.01092,0.01098,7451670.0
1759125600000,1759125600000,0.01098,0.01105,0.01087,0.011,10229600.0
1759147200000,1759147200000,0.011,0.011,0.01076,0.01093,14314180.0
1759168800000,1759168800000,0.01093,0.01107,0.01088,0.01097,3865350.0
1759190400000,1759190400000,0.01097,0.01107,0.01088,0.01106,9035390.0
1759212000000,1759212000000,0.01106,0.01106,0.01076,0.01087,17437300.0
1759233600000,1759233600000,0.01087,0.01093,0.01068,0.01088,12355050.0
1759255200000,1759255200000,0.01088,0.01108,0.01085,0.01098,5185480.0
1759276800000,1759276800000,0.01098,0.01111,0.01093,0.01102,9559710.0
1759298400000,1759298400000,0.01102,0.01127,0.01092,0.01123,9653820.0
1759320000000,1759320000000,0.01123,0.01134,0.01121,0.01128,3866340.0
1759341600000,1759341600000,0.01128,0.01145,0.01128,0.01139,10501550.0
1759363200000,1759363200000,0.01139,0.0117,0.01135,0.01169,11794930.0
1759384800000,1759384800000,0.01169,0.01177,0.01145,0.01147,8790680.0
1759406400000,1759406400000,0.01147,0.01154,0.01124,0.0115,10945070.0
1759428000000,1759428000000,0.0115,0.0116,0.01147,0.01149,3977810.0
1759449600000,1759449600000,0.01149,0.01149,0.01133,0.01142,2108460.0
1759471200000,1759471200000,0.01142,0.0115,0.01132,0.01142,3276830.0
1759492800000,1759492800000,0.01142,0.01164,0.01131,0.0114,8794450.0
1759514400000,1759514400000,0.0114,0.01156,0.01137,0.01149,5708180.0
1759536000000,1759536000000,0.01149,0.01149,0.01131,0.01135,3037860.0
1759557600000,1759557600000,0.01135,0.0116,0.01123,0.01128,10784900.0
1759579200000,1759579200000,0.01128,0.01136,0.01106,0.01125,8101190.0
1759600800000,1759600800000,0.01125,0.01142,0.01123,0.01129,4547630.0
1759622400000,1759622400000,0.01129,0.01151,0.01125,0.01147,5516700.0
1759644000000,1759644000000,0.01147,0.01153,0.01128,0.01134,7474310.0
1759665600000,1759665600000,0.01134,0.01134,0.01117,0.01119,2530120.0
1759687200000,1759687200000,0.01119,0.01131,0.01106,0.01121,3358290.0
1759708800000,1759708800000,0.01121,0.01127,0.01106,0.01116,4286240.0
1759730400000,1759730400000,0.01116,0.0113,0.01113,0.01127,4117640.0
1759752000000,1759752000000,0.01127,0.01152,0.01127,0.01149,7932210.0
1759773600000,1759773600000,0.01149,0.01159,0.01145,0.01146,9805330.0
1759795200000,1759795200000,0.01146,0.01154,0.01139,0.01145,7823500.0
1759816800000,1759816800000,0.01145,0.0115,0.01119,0.01149,8216500.0
1759838400000,1759838400000,0.01149,0.01149,0.01066,0.01083,24046730.0
1759860000000,1759860000000,0.01083,0.01083,0.01029,0.01068,38344680.0
1759881600000,1759881600000,0.01068,0.01077,0.01052,0.01067,8457730.0
1759903200000,1759903200000,0.01067,0.01085,0.01065,0.01078,4739840.0
1759924800000,1759924800000,0.01078,0.01127,0.01076,0.0112,14018090.0
1759946400000,1759946400000,0.0112,0.0112,0.01103,0.01105,4063950.0
1759968000000,1759968000000,0.01105,0.01108,0.01081,0.01094,12774290.0
1759989600000,1759989600000,0.01094,0.01095,0.01068,0.0108,6626980.0
1760011200000,1760011200000,0.0108,0.01088,0.01062,0.01088,5943350.0
1760032800000,1760032800000,0.01088,0.01094,0.01082,0.01087,4059120.0
1760054400000,1760054400000,0.01087,0.01117,0.01086,0.01113,7906770.0
1760076000000,1760076000000,0.01113,0.01127,0.01089,0.0112,9903080.0
1760097600000,1760097600000,0.0112,0.01122,0.01053,0.01072,27425440.0
1760119200000,1760119200000,0.01072,0.01083,0.00381,0.00681,384266330.0
1760140800000,1760140800000,0.00681,0.00756,0.0066,0.00748,48782680.0
1760162400000,1760162400000,0.00748,0.00802,0.00745,0.00781,27829880.0
1760184000000,1760184000000,0.00781,0.00802,0.00752,0.00801,24858630.0
1760205600000,1760205600000,0.00801,0.00851,0.00741,0.0078,78640790.0
1760227200000,1760227200000,0.0078,0.00802,0.00752,0.00788,24236520.0
1760248800000,1760248800000,0.00788,0.0081,0.00781,0.00788,12430190.0
1760270400000,1760270400000,0.00788,0.00845,0.00768,0.00836,24629950.0
1760292000000,1760292000000,0.00836,0.00852,0.00816,0.00825,13913590.0
1760313600000,1760313600000,0.00825,0.00834,0.00815,0.00824,5195540.0
1760335200000,1760335200000,0.00824,0.0085,0.00812,0.00831,14936800.0
1760356800000,1760356800000,0.00831,0.0086,0.00824,0.0086,11147750.0
1760378400000,1760378400000,0.0086,0.00863,0.0085,0.00852,3809450.0
1760400000000,1760400000000,0.00852,0.00854,0.00813,0.0082,19581860.0
1760421600000,1760421600000,0.0082,0.0083,0.00783,0.00811,34679550.0
1760443200000,1760443200000,0.00811,0.00838,0.00787,0.00829,20970410.0
1760464800000,1760464800000,0.00829,0.00837,0.0081,0.00823,9721010.0
1760486400000,1760486400000,0.00823,0.00842,0.00812,0.00823,11680600.0
1760508000000,1760508000000,0.00823,0.00848,0.00815,0.00823,9041940.0
1760529600000,1760529600000,0.00823,0.00825,0.00789,0.00809,8928220.0
1760551200000,1760551200000,0.00809,0.00819,0.00794,0.00807,7568010.0
1760572800000,1760572800000,0.00807,0.01047,0.008,0.00947,286675260.0
1760594400000,1760594400000,0.00947,0.0095,0.00843,0.00889,157232480.0
1760616000000,1760616000000,0.00889,0.00889,0.00807,0.00831,36747240.0
1760637600000,1760637600000,0.00831,0.00833,0.00789,0.00812,18706980.0
1760659200000,1760659200000,0.00812,0.00815,0.00787,0.00789,10530210.0
1760680800000,1760680800000,0.00789,0.00795,0.00729,0.00763,86225440.0
1760702400000,1760702400000,0.00763,0.00774,0.00738,0.00764,21014240.0
1760724000000,1760724000000,0.00764,0.00794,0.00763,0.00793,7710990.0
